Loading spm/spm12
  Loading requirement: matlab/r2019a
Non-commercial use only - see $FSLDIR/LICENSE
N4 bias corrrection
Centring images
MATLAB is selecting SOFTWARE OPENGL rendering.

Written new image at:
	/home/tom29/rds/hpc-work/cbbu_BIDS/sub-20/anat/sub-20_acq-LC_mt-on_MTS_N4_centred.nii

MATLAB is selecting SOFTWARE OPENGL rendering.

Written new image at:
	/home/tom29/rds/hpc-work/cbbu_BIDS/sub-20/anat/sub-20_acq-LC_mt-off_MTS_N4_centred.nii

Registering MT-on to MT-off
All_Command_lines_OK
Using single precision for computations.
  number of levels = 4
  fixed image: /home/tom29/rds/hpc-work/cbbu_BIDS/sub-20/anat/sub-20_acq-LC_mt-off_MTS_N4_centred.nii.gz
  moving image: /home/tom29/rds/hpc-work/cbbu_BIDS/sub-20/anat/sub-20_acq-LC_mt-on_MTS_N4_centred.nii.gz
Dimension = 3
Number of stages = 1
Use histogram matching = false
Winsorize image intensities = true
  Lower quantile = 0.005
  Upper quantile = 0.995


Stage 1 State
   Image metric = MattesMI
     Fixed image = Image (0x4ca63c0)
  RTTI typeinfo:   itk::Image<float, 3u>
  Reference Count: 2
  Modified Time: 1076
  Debug: Off
  Object Name: 
  Observers: 
    none
  Source: (none)
  Source output name: (none)
  Release Data: Off
  Data Released: False
  Global Release Data: Off
  PipelineMTime: 0
  UpdateMTime: 685
  RealTimeStamp: 0 seconds 
  LargestPossibleRegion: 
    Dimension: 3
    Index: [0, 0, 0]
    Size: [448, 448, 112]
  BufferedRegion: 
    Dimension: 3
    Index: [0, 0, 0]
    Size: [448, 448, 112]
  RequestedRegion: 
    Dimension: 3
    Index: [0, 0, 0]
    Size: [448, 448, 112]
  Spacing: [0.428571, 0.428571, 0.5]
  Origin: [94.3982, 137.008, 3.81182]
  Direction: 
-0.999896 -0.0013905 0.0143805
-0.00541498 -0.886733 -0.462251
0.0133944 -0.46228 0.886633

  IndexToPointMatrix: 
-0.428527 -0.000595927 0.00719023
-0.00232071 -0.380028 -0.231125
0.00574046 -0.19812 0.443316

  PointToIndexMatrix: 
-2.33309 -0.0126349 0.0312535
-0.00324444 -2.06904 -1.07865
0.028761 -0.924501 1.77327

  Inverse Direction: 
-0.999896 -0.00541494 0.0133944
-0.00139048 -0.886733 -0.46228
0.0143805 -0.462251 0.886633

  PixelContainer: 
    ImportImageContainer (0x4c92890)
      RTTI typeinfo:   itk::ImportImageContainer<unsigned long, float>
      Reference Count: 1
      Modified Time: 682
      Debug: Off
      Object Name: 
      Observers: 
        none
      Pointer: 0x147b23870010
      Container manages memory: true
      Size: 22478848
      Capacity: 22478848

     Moving image = Image (0x4ca9b60)
  RTTI typeinfo:   itk::Image<float, 3u>
  Reference Count: 2
  Modified Time: 1077
  Debug: Off
  Object Name: 
  Observers: 
    none
  Source: (none)
  Source output name: (none)
  Release Data: Off
  Data Released: False
  Global Release Data: Off
  PipelineMTime: 0
  UpdateMTime: 1074
  RealTimeStamp: 0 seconds 
  LargestPossibleRegion: 
    Dimension: 3
    Index: [0, 0, 0]
    Size: [448, 448, 112]
  BufferedRegion: 
    Dimension: 3
    Index: [0, 0, 0]
    Size: [448, 448, 112]
  RequestedRegion: 
    Dimension: 3
    Index: [0, 0, 0]
    Size: [448, 448, 112]
  Spacing: [0.428571, 0.428571, 0.5]
  Origin: [94.3982, 137.008, 3.81182]
  Direction: 
-0.999896 -0.0013905 0.0143805
-0.00541498 -0.886733 -0.462251
0.0133944 -0.46228 0.886633

  IndexToPointMatrix: 
-0.428527 -0.000595927 0.00719023
-0.00232071 -0.380028 -0.231125
0.00574046 -0.19812 0.443316

  PointToIndexMatrix: 
-2.33309 -0.0126349 0.0312535
-0.00324444 -2.06904 -1.07865
0.028761 -0.924501 1.77327

  Inverse Direction: 
-0.999896 -0.00541494 0.0133944
-0.00139048 -0.886733 -0.46228
0.0143805 -0.462251 0.886633

  PixelContainer: 
    ImportImageContainer (0x4ca9b00)
      RTTI typeinfo:   itk::ImportImageContainer<unsigned long, float>
      Reference Count: 1
      Modified Time: 1071
      Debug: Off
      Object Name: 
      Observers: 
        none
      Pointer: 0x147b1e2af010
      Container manages memory: true
      Size: 22478848
      Capacity: 22478848

     Weighting = 1
     Sampling strategy = regular
     Number of bins = 32
     Radius = 4
     Sampling percentage  = 0.25
   Transform = Rigid
     Gradient step = 0.1
     Update field sigma (voxel space) = 0
     Total field sigma (voxel space) = 0
     Update field time sigma = 0
     Total field time sigma  = 0
     Number of time indices = 0
     Number of time point samples = 0
Registration using 1 total stages.

Stage 0
  iterations = 1000x500x250x100
  convergence threshold = 1e-06
  convergence window size = 10
  number of levels = 4
  using the Mattes MI metric (number of bins = 32, weight = 1, use gradient filter = 0)
  preprocessing:  winsorizing the image intensities
  Shrink factors (level 1 out of 4): [8, 8, 7]
  Shrink factors (level 2 out of 4): [4, 4, 3]
  Shrink factors (level 3 out of 4): [2, 2, 2]
  Shrink factors (level 4 out of 4): [1, 1, 1]
  smoothing sigmas per level: [3, 2, 1, 0]
  regular sampling (percentage = 0.25)

*** Running Euler3DTransform registration ***

DIAGNOSTIC,Iteration,metricValue,convergenceValue,ITERATION_TIME_INDEX,SINCE_LAST
 2DIAGNOSTIC,     1, -1.509181976318e+00, inf, 6.3248e-01, 6.3248e-01, 
 2DIAGNOSTIC,     2, -1.514608144760e+00, inf, 6.3735e-01, 4.8721e-03, 
 2DIAGNOSTIC,     3, -1.515734076500e+00, inf, 6.4178e-01, 4.4250e-03, 
 2DIAGNOSTIC,     4, -1.516286253929e+00, inf, 6.4599e-01, 4.2140e-03, 
 2DIAGNOSTIC,     5, -1.516486883163e+00, inf, 6.5008e-01, 4.0829e-03, 
 2DIAGNOSTIC,     6, -1.516595482826e+00, inf, 6.5373e-01, 3.6521e-03, 
 2DIAGNOSTIC,     7, -1.516650795937e+00, inf, 6.5786e-01, 4.1330e-03, 
 2DIAGNOSTIC,     8, -1.516714215279e+00, inf, 6.6201e-01, 4.1480e-03, 
 2DIAGNOSTIC,     9, -1.516689896584e+00, inf, 6.6548e-01, 3.4709e-03, 
 2DIAGNOSTIC,    10, -1.516762137413e+00, 1.958673674380e-04, 6.7125e-01, 5.7678e-03, 
 2DIAGNOSTIC,    11, -1.516843795776e+00, 6.310873141047e-05, 6.7891e-01, 7.6630e-03, 
 2DIAGNOSTIC,    12, -1.516843914986e+00, 3.147618190269e-05, 6.8311e-01, 4.2040e-03, 
 2DIAGNOSTIC,    13, -1.516843676567e+00, 1.819215867727e-05, 6.8727e-01, 4.1599e-03, 
 2DIAGNOSTIC,    14, -1.516844391823e+00, 1.275033082493e-05, 6.9156e-01, 4.2839e-03, 
 2DIAGNOSTIC,    15, -1.516844272614e+00, 9.548226444167e-06, 6.9585e-01, 4.2958e-03, 
 2DIAGNOSTIC,    16, -1.516845107079e+00, 7.314314643736e-06, 7.0066e-01, 4.8099e-03, 
 2DIAGNOSTIC,    17, -1.516844391823e+00, 5.441335815703e-06, 7.0556e-01, 4.8990e-03, 
 2DIAGNOSTIC,    18, -1.516845226288e+00, 4.146511400904e-06, 7.0932e-01, 3.7570e-03, 
 2DIAGNOSTIC,    19, -1.516846418381e+00, 2.528478944441e-06, 7.1349e-01, 4.1680e-03, 
 2DIAGNOSTIC,    20, -1.516847491264e+00, 1.657788061493e-06, 7.1774e-01, 4.2470e-03, 
 2DIAGNOSTIC,    21, -1.516847372055e+00, 1.591586055838e-06, 7.2236e-01, 4.6220e-03, 
 2DIAGNOSTIC,    22, -1.516847729683e+00, 1.528819893792e-06, 7.2591e-01, 3.5481e-03, 
 2DIAGNOSTIC,    23, -1.516847372055e+00, 1.458800738874e-06, 7.2995e-01, 4.0491e-03, 
 2DIAGNOSTIC,    24, -1.516847610474e+00, 1.394911805619e-06, 7.3429e-01, 4.3311e-03, 
 2DIAGNOSTIC,    25, -1.516848087311e+00, 1.331986936748e-06, 7.3829e-01, 4.0030e-03, 
 2DIAGNOSTIC,    26, -1.516848087311e+00, 1.274572014154e-06, 7.4236e-01, 4.0760e-03, 
 2DIAGNOSTIC,    27, -1.516848087311e+00, 1.211761741615e-06, 7.4634e-01, 3.9721e-03, 
 2DIAGNOSTIC,    28, -1.516848325729e+00, 1.157407041319e-06, 7.5099e-01, 4.6499e-03, 
 2DIAGNOSTIC,    29, -1.516849040985e+00, 1.116902467402e-06, 7.5516e-01, 4.1702e-03, 
 2DIAGNOSTIC,    30, -1.516848802567e+00, 1.082296762434e-06, 7.5966e-01, 4.4990e-03, 
 2DIAGNOSTIC,    31, -1.516848206520e+00, 1.043590600602e-06, 7.6385e-01, 4.1978e-03, 
 2DIAGNOSTIC,    32, -1.516848325729e+00, 1.008737058328e-06, 7.6815e-01, 4.2942e-03, 
DIAGNOSTIC,Iteration,metricValue,convergenceValue,ITERATION_TIME_INDEX,SINCE_LAST
 2DIAGNOSTIC,     1, -1.417724967003e+00, inf, 1.5018e+00, 7.3370e-01, 
 2DIAGNOSTIC,     2, -1.418783307076e+00, inf, 1.5509e+00, 4.9010e-02, 
 2DIAGNOSTIC,     3, -1.418836712837e+00, inf, 1.6068e+00, 5.5942e-02, 
 2DIAGNOSTIC,     4, -1.418903827667e+00, inf, 1.6537e+00, 4.6898e-02, 
 2DIAGNOSTIC,     5, -1.418958663940e+00, inf, 1.7240e+00, 7.0354e-02, 
 2DIAGNOSTIC,     6, -1.418993949890e+00, inf, 1.7711e+00, 4.7087e-02, 
 2DIAGNOSTIC,     7, -1.419005274773e+00, inf, 1.8202e+00, 4.9022e-02, 
 2DIAGNOSTIC,     8, -1.419023752213e+00, inf, 1.8756e+00, 5.5407e-02, 
 2DIAGNOSTIC,     9, -1.419093012810e+00, inf, 1.9457e+00, 7.0122e-02, 
 2DIAGNOSTIC,    10, -1.419111251831e+00, 4.006564631709e-05, 2.0010e+00, 5.5336e-02, 
 2DIAGNOSTIC,    11, -1.419104814529e+00, 1.612035885046e-05, 2.0578e+00, 5.6796e-02, 
 2DIAGNOSTIC,    12, -1.419102907181e+00, 1.263647573069e-05, 2.1121e+00, 5.4299e-02, 
 2DIAGNOSTIC,    13, -1.419099092484e+00, 9.535327080812e-06, 2.1705e+00, 5.8353e-02, 
 2DIAGNOSTIC,    14, -1.419096589088e+00, 7.125149295462e-06, 2.2255e+00, 5.5057e-02, 
 2DIAGNOSTIC,    15, -1.419091820717e+00, 5.246919954516e-06, 2.2813e+00, 5.5764e-02, 
 2DIAGNOSTIC,    16, -1.419092535973e+00, 3.781527993851e-06, 2.3338e+00, 5.2514e-02, 
 2DIAGNOSTIC,    17, -1.419086575508e+00, 2.393214572294e-06, 2.3875e+00, 5.3693e-02, 
 2DIAGNOSTIC,    18, -1.419087171555e+00, 1.304407192038e-06, 2.4425e+00, 5.4976e-02, 
 2DIAGNOSTIC,    19, -1.419088006020e+00, 1.105364276555e-06, 2.4981e+00, 5.5606e-02, 
 2DIAGNOSTIC,    20, -1.419087767601e+00, 1.160099031949e-06, 2.5527e+00, 5.4663e-02, 
 2DIAGNOSTIC,    21, -1.419087767601e+00, 1.188547230413e-06, 2.6070e+00, 5.4255e-02, 
 2DIAGNOSTIC,    22, -1.419088125229e+00, 1.231750275110e-06, 2.6702e+00, 6.3164e-02, 
 2DIAGNOSTIC,    23, -1.419088482857e+00, 1.261321358470e-06, 2.7243e+00, 5.4115e-02, 
 2DIAGNOSTIC,    24, -1.419087767601e+00, 1.273210500585e-06, 2.7774e+00, 5.3140e-02, 
 2DIAGNOSTIC,    25, -1.419088482857e+00, 1.256176801689e-06, 2.8286e+00, 5.1215e-02, 
 2DIAGNOSTIC,    26, -1.419087409973e+00, 1.240527012669e-06, 2.8913e+00, 6.2643e-02, 
 2DIAGNOSTIC,    27, -1.419088125229e+00, 1.185595806419e-06, 2.9465e+00, 5.5221e-02, 
 2DIAGNOSTIC,    28, -1.419088125229e+00, 1.137775598181e-06, 3.0015e+00, 5.4989e-02, 
 2DIAGNOSTIC,    29, -1.419088363647e+00, 1.100590225178e-06, 3.0562e+00, 5.4670e-02, 
 2DIAGNOSTIC,    30, -1.419088125229e+00, 1.062421574716e-06, 3.1022e+00, 4.6060e-02, 
 2DIAGNOSTIC,    31, -1.419088602066e+00, 1.029634859151e-06, 3.1553e+00, 5.3036e-02, 
DIAGNOSTIC,Iteration,metricValue,convergenceValue,ITERATION_TIME_INDEX,SINCE_LAST
 2DIAGNOSTIC,     1, -1.353072404861e+00, inf, 4.3112e+00, 1.1560e+00, 
 2DIAGNOSTIC,     2, -1.353926539421e+00, inf, 4.5108e+00, 1.9961e-01, 
 2DIAGNOSTIC,     3, -1.354333043098e+00, inf, 4.7392e+00, 2.2839e-01, 
 2DIAGNOSTIC,     4, -1.354450345039e+00, inf, 5.0189e+00, 2.7967e-01, 
 2DIAGNOSTIC,     5, -1.354494333267e+00, inf, 5.2166e+00, 1.9775e-01, 
 2DIAGNOSTIC,     6, -1.354746341705e+00, inf, 5.4405e+00, 2.2386e-01, 
 2DIAGNOSTIC,     7, -1.354934215546e+00, inf, 5.6633e+00, 2.2283e-01, 
 2DIAGNOSTIC,     8, -1.355043649673e+00, inf, 5.9185e+00, 2.5513e-01, 
 2DIAGNOSTIC,     9, -1.355059623718e+00, inf, 6.1121e+00, 1.9366e-01, 
 2DIAGNOSTIC,    10, -1.355066180229e+00, 8.186745253624e-05, 6.3391e+00, 2.2701e-01, 
 2DIAGNOSTIC,    11, -1.355068802834e+00, 5.053963468526e-05, 6.6104e+00, 2.7132e-01, 
 2DIAGNOSTIC,    12, -1.355070352554e+00, 3.488268339424e-05, 6.8520e+00, 2.4157e-01, 
 2DIAGNOSTIC,    13, -1.355070233345e+00, 2.526370917622e-05, 7.0531e+00, 2.0111e-01, 
 2DIAGNOSTIC,    14, -1.355069994926e+00, 1.676421743468e-05, 7.2807e+00, 2.2756e-01, 
 2DIAGNOSTIC,    15, -1.355068683624e+00, 8.625707778265e-06, 7.5284e+00, 2.4768e-01, 
 2DIAGNOSTIC,    16, -1.355068206787e+00, 4.155919214099e-06, 7.7401e+00, 2.1177e-01, 
 2DIAGNOSTIC,    17, -1.355068683624e+00, 2.301396989424e-06, 7.9900e+00, 2.4989e-01, 
 2DIAGNOSTIC,    18, -1.355068445206e+00, 1.881504431367e-06, 8.1881e+00, 1.9809e-01, 
 2DIAGNOSTIC,    19, -1.355068922043e+00, 1.675614612395e-06, 8.3845e+00, 1.9639e-01, 
 2DIAGNOSTIC,    20, -1.355069279671e+00, 1.562298848512e-06, 8.5999e+00, 2.1542e-01, 
 2DIAGNOSTIC,    21, -1.355070114136e+00, 1.496499180575e-06, 8.8261e+00, 2.2613e-01, 
 2DIAGNOSTIC,    22, -1.355069041252e+00, 1.442600137125e-06, 9.0194e+00, 1.9335e-01, 
 2DIAGNOSTIC,    23, -1.355070590973e+00, 1.407045715496e-06, 9.2360e+00, 2.1657e-01, 
 2DIAGNOSTIC,    24, -1.355070710182e+00, 1.371076450596e-06, 9.4430e+00, 2.0697e-01, 
 2DIAGNOSTIC,    25, -1.355071663857e+00, 1.330737063654e-06, 9.6513e+00, 2.0836e-01, 
 2DIAGNOSTIC,    26, -1.355072498322e+00, 1.290751924898e-06, 9.8726e+00, 2.2129e-01, 
 2DIAGNOSTIC,    27, -1.355075716972e+00, 1.276251850868e-06, 1.0069e+01, 1.9684e-01, 
 2DIAGNOSTIC,    28, -1.355078458786e+00, 1.271670271308e-06, 1.0282e+01, 2.1300e-01, 
 2DIAGNOSTIC,    29, -1.355080842972e+00, 1.274909550375e-06, 1.0490e+01, 2.0726e-01, 
 2DIAGNOSTIC,    30, -1.355088114738e+00, 1.314362407356e-06, 1.0725e+01, 2.3518e-01, 
 2DIAGNOSTIC,    31, -1.355091094971e+00, 1.352285266876e-06, 1.0949e+01, 2.2440e-01, 
 2DIAGNOSTIC,    32, -1.355095028877e+00, 1.375344709231e-06, 1.1149e+01, 1.9970e-01, 
 2DIAGNOSTIC,    33, -1.355101108551e+00, 1.409325363966e-06, 1.1503e+01, 3.5417e-01, 
 2DIAGNOSTIC,    34, -1.355102300644e+00, 1.406381102242e-06, 1.1749e+01, 2.4599e-01, 
 2DIAGNOSTIC,    35, -1.355101704597e+00, 1.361146019008e-06, 1.2055e+01, 3.0588e-01, 
 2DIAGNOSTIC,    36, -1.355101466179e+00, 1.279000457544e-06, 1.2279e+01, 2.2447e-01, 
 2DIAGNOSTIC,    37, -1.355101466179e+00, 1.181852439913e-06, 1.2509e+01, 2.2904e-01, 
 2DIAGNOSTIC,    38, -1.355101346970e+00, 1.073259113582e-06, 1.2730e+01, 2.2147e-01, 
DIAGNOSTIC,Iteration,metricValue,convergenceValue,ITERATION_TIME_INDEX,SINCE_LAST
 2DIAGNOSTIC,     1, -1.266049742699e+00, inf, 1.5819e+01, 3.0888e+00, 
 2DIAGNOSTIC,     2, -1.266699194908e+00, inf, 1.7208e+01, 1.3895e+00, 
 2DIAGNOSTIC,     3, -1.266730904579e+00, inf, 1.8498e+01, 1.2902e+00, 
 2DIAGNOSTIC,     4, -1.266737222672e+00, inf, 1.9673e+01, 1.1749e+00, 
 2DIAGNOSTIC,     5, -1.266745924950e+00, inf, 2.0785e+01, 1.1118e+00, 
 2DIAGNOSTIC,     6, -1.266772389412e+00, inf, 2.1930e+01, 1.1453e+00, 
 2DIAGNOSTIC,     7, -1.266808032990e+00, inf, 2.3060e+01, 1.1291e+00, 
 2DIAGNOSTIC,     8, -1.266847610474e+00, inf, 2.4385e+01, 1.3257e+00, 
 2DIAGNOSTIC,     9, -1.266857624054e+00, inf, 2.6233e+01, 1.8475e+00, 
 2DIAGNOSTIC,    10, -1.266857028008e+00, 2.707781277422e-05, 2.7773e+01, 1.5399e+00, 
 2DIAGNOSTIC,    11, -1.266855955124e+00, 1.114944279834e-05, 2.9058e+01, 1.2854e+00, 
 2DIAGNOSTIC,    12, -1.266855955124e+00, 9.253198186343e-06, 3.0351e+01, 1.2931e+00, 
 2DIAGNOSTIC,    13, -1.266855955124e+00, 7.591128451168e-06, 3.1590e+01, 1.2387e+00, 
 2DIAGNOSTIC,    14, -1.266855955124e+00, 5.805646651424e-06, 3.2877e+01, 1.2871e+00, 
 2DIAGNOSTIC,    15, -1.266855716705e+00, 4.066653673362e-06, 3.4206e+01, 1.3288e+00, 
 2DIAGNOSTIC,    16, -1.266855716705e+00, 2.732739858402e-06, 3.5508e+01, 1.3025e+00, 
 2DIAGNOSTIC,    17, -1.266855239868e+00, 1.937845581779e-06, 3.6759e+01, 1.2507e+00, 
 2DIAGNOSTIC,    18, -1.266855597496e+00, 1.719128135846e-06, 3.7913e+01, 1.1540e+00, 
 2DIAGNOSTIC,    19, -1.266855835915e+00, 1.648830902923e-06, 3.9467e+01, 1.5536e+00, 
 2DIAGNOSTIC,    20, -1.266855716705e+00, 1.580182583893e-06, 4.0740e+01, 1.2739e+00, 
 2DIAGNOSTIC,    21, -1.266855597496e+00, 1.506464172962e-06, 4.2044e+01, 1.3034e+00, 
 2DIAGNOSTIC,    22, -1.266855597496e+00, 1.440318214918e-06, 4.3275e+01, 1.2310e+00, 
 2DIAGNOSTIC,    23, -1.266855597496e+00, 1.380343178425e-06, 4.4579e+01, 1.3043e+00, 
 2DIAGNOSTIC,    24, -1.266855716705e+00, 1.326666847490e-06, 4.5934e+01, 1.3546e+00, 
 2DIAGNOSTIC,    25, -1.266855359077e+00, 1.271808400816e-06, 4.7222e+01, 1.2879e+00, 
 2DIAGNOSTIC,    26, -1.266855478287e+00, 1.222570176651e-06, 4.8410e+01, 1.1881e+00, 
 2DIAGNOSTIC,    27, -1.266855120659e+00, 1.170012524199e-06, 4.9629e+01, 1.2189e+00, 
 2DIAGNOSTIC,    28, -1.266855120659e+00, 1.124807795350e-06, 5.0818e+01, 1.1899e+00, 
 2DIAGNOSTIC,    29, -1.266855001450e+00, 1.084702716980e-06, 5.2010e+01, 1.1917e+00, 
 2DIAGNOSTIC,    30, -1.266855001450e+00, 1.047582713909e-06, 5.3292e+01, 1.2823e+00, 
 2DIAGNOSTIC,    31, -1.266855001450e+00, 1.013213932310e-06, 5.4542e+01, 1.2492e+00, 
  Elapsed time (stage 0): 5.5483e+01


Total elapsed time: 5.5485e+01
Registering MT-off to MP2RAGE
All_Command_lines_OK
Using single precision for computations.
  Reading mask(s).
    Registration stage 0
      Fixed mask = /home/tom29/rds/hpc-work/cbbu_BIDS/sub-20/anat/sub-20_mask_centred.nii.gz
 file NULL does not exist . 
      No moving mask
  number of levels = 4
  fixed image: /home/tom29/rds/hpc-work/cbbu_BIDS/sub-20/anat/sub-20_acq-whole_UNI_MP2RAGE_brain_N4_centred.nii.gz
  moving image: /home/tom29/rds/hpc-work/cbbu_BIDS/sub-20/anat/sub-20_acq-LC_mt-off_MTS_N4_centred.nii.gz
Dimension = 3
Number of stages = 1
Use histogram matching = false
Winsorize image intensities = true
  Lower quantile = 0.005
  Upper quantile = 0.995


Stage 1 State
   Image metric = MattesMI
     Fixed image = Image (0x45089e0)
  RTTI typeinfo:   itk::Image<float, 3u>
  Reference Count: 2
  Modified Time: 1519
  Debug: Off
  Object Name: 
  Observers: 
    none
  Source: (none)
  Source output name: (none)
  Release Data: Off
  Data Released: False
  Global Release Data: Off
  PipelineMTime: 0
  UpdateMTime: 1128
  RealTimeStamp: 0 seconds 
  LargestPossibleRegion: 
    Dimension: 3
    Index: [0, 0, 0]
    Size: [224, 300, 320]
  BufferedRegion: 
    Dimension: 3
    Index: [0, 0, 0]
    Size: [224, 300, 320]
  RequestedRegion: 
    Dimension: 3
    Index: [0, 0, 0]
    Size: [224, 300, 320]
  Spacing: [0.75, 0.75, 0.75]
  Origin: [80.3665, 150.192, -83.5979]
  Direction: 
-0.999751 0.018901 0.0118302
-0.0217596 -0.94287 -0.332449
0.00487072 -0.332623 0.943047

  IndexToPointMatrix: 
-0.749814 0.0141758 0.00887264
-0.0163197 -0.707153 -0.249336
0.00365304 -0.249468 0.707285

  PointToIndexMatrix: 
-1.333 -0.0290128 0.00649428
0.0252014 -1.25716 -0.443498
0.0157736 -0.443265 1.2574

  Inverse Direction: 
-0.999751 -0.0217596 0.00487071
0.018901 -0.94287 -0.332623
0.0118302 -0.332449 0.943047

  PixelContainer: 
    ImportImageContainer (0x44f7b40)
      RTTI typeinfo:   itk::ImportImageContainer<unsigned long, float>
      Reference Count: 1
      Modified Time: 1125
      Debug: Off
      Object Name: 
      Observers: 
        none
      Pointer: 0x153a2c662010
      Container manages memory: true
      Size: 21504000
      Capacity: 21504000

     Moving image = Image (0x4513a40)
  RTTI typeinfo:   itk::Image<float, 3u>
  Reference Count: 2
  Modified Time: 1520
  Debug: Off
  Object Name: 
  Observers: 
    none
  Source: (none)
  Source output name: (none)
  Release Data: Off
  Data Released: False
  Global Release Data: Off
  PipelineMTime: 0
  UpdateMTime: 1517
  RealTimeStamp: 0 seconds 
  LargestPossibleRegion: 
    Dimension: 3
    Index: [0, 0, 0]
    Size: [448, 448, 112]
  BufferedRegion: 
    Dimension: 3
    Index: [0, 0, 0]
    Size: [448, 448, 112]
  RequestedRegion: 
    Dimension: 3
    Index: [0, 0, 0]
    Size: [448, 448, 112]
  Spacing: [0.428571, 0.428571, 0.5]
  Origin: [94.3982, 137.008, 3.81182]
  Direction: 
-0.999896 -0.0013905 0.0143805
-0.00541498 -0.886733 -0.462251
0.0133944 -0.46228 0.886633

  IndexToPointMatrix: 
-0.428527 -0.000595927 0.00719023
-0.00232071 -0.380028 -0.231125
0.00574046 -0.19812 0.443316

  PointToIndexMatrix: 
-2.33309 -0.0126349 0.0312535
-0.00324444 -2.06904 -1.07865
0.028761 -0.924501 1.77327

  Inverse Direction: 
-0.999896 -0.00541494 0.0133944
-0.00139048 -0.886733 -0.46228
0.0143805 -0.462251 0.886633

  PixelContainer: 
    ImportImageContainer (0x450bcc0)
      RTTI typeinfo:   itk::ImportImageContainer<unsigned long, float>
      Reference Count: 1
      Modified Time: 1514
      Debug: Off
      Object Name: 
      Observers: 
        none
      Pointer: 0x153a270a1010
      Container manages memory: true
      Size: 22478848
      Capacity: 22478848

     Weighting = 1
     Sampling strategy = regular
     Number of bins = 32
     Radius = 4
     Sampling percentage  = 0.25
   Transform = Rigid
     Gradient step = 0.1
     Update field sigma (voxel space) = 0
     Total field sigma (voxel space) = 0
     Update field time sigma = 0
     Total field time sigma  = 0
     Number of time indices = 0
     Number of time point samples = 0
Registration using 1 total stages.

Stage 0
  iterations = 1000x500x250x100
  convergence threshold = 1e-06
  convergence window size = 10
  number of levels = 4
  using the Mattes MI metric (number of bins = 32, weight = 1, use gradient filter = 0)
  preprocessing:  winsorizing the image intensities
  Shrink factors (level 1 out of 4): [8, 8, 8]
  Shrink factors (level 2 out of 4): [4, 4, 4]
  Shrink factors (level 3 out of 4): [2, 2, 2]
  Shrink factors (level 4 out of 4): [1, 1, 1]
  smoothing sigmas per level: [3, 2, 1, 0]
  regular sampling (percentage = 0.25)

*** Running Euler3DTransform registration ***

DIAGNOSTIC,Iteration,metricValue,convergenceValue,ITERATION_TIME_INDEX,SINCE_LAST
 2DIAGNOSTIC,     1, -1.860779672861e-01, inf, 5.6395e-01, 5.6395e-01, 
 2DIAGNOSTIC,     2, -1.903212070465e-01, inf, 5.6493e-01, 9.7299e-04, 
 2DIAGNOSTIC,     3, -1.930768638849e-01, inf, 5.6570e-01, 7.7510e-04, 
 2DIAGNOSTIC,     4, -1.937368959188e-01, inf, 5.6652e-01, 8.1706e-04, 
 2DIAGNOSTIC,     5, -1.956497579813e-01, inf, 5.6784e-01, 1.3239e-03, 
 2DIAGNOSTIC,     6, -1.962260603905e-01, inf, 5.6863e-01, 7.8511e-04, 
 2DIAGNOSTIC,     7, -1.985406875610e-01, inf, 5.6952e-01, 8.9407e-04, 
 2DIAGNOSTIC,     8, -2.006279528141e-01, inf, 5.7029e-01, 7.7105e-04, 
 2DIAGNOSTIC,     9, -2.010263800621e-01, inf, 5.7117e-01, 8.7595e-04, 
 2DIAGNOSTIC,    10, -2.011861205101e-01, 4.666209220886e-03, 5.7222e-01, 1.0531e-03, 
 2DIAGNOSTIC,    11, -2.020749002695e-01, 3.513516159728e-03, 5.7314e-01, 9.1410e-04, 
 2DIAGNOSTIC,    12, -2.026693075895e-01, 2.813149476424e-03, 5.7405e-01, 9.1720e-04, 
 2DIAGNOSTIC,    13, -2.074638605118e-01, 2.798090921715e-03, 5.7543e-01, 1.3721e-03, 
 2DIAGNOSTIC,    14, -2.090425193310e-01, 2.745476085693e-03, 5.7638e-01, 9.5296e-04, 
 2DIAGNOSTIC,    15, -2.093324363232e-01, 2.665763022378e-03, 5.7725e-01, 8.6904e-04, 
 2DIAGNOSTIC,    16, -2.095994353294e-01, 2.431026194245e-03, 5.7815e-01, 9.0098e-04, 
 2DIAGNOSTIC,    17, -2.110955119133e-01, 2.313946606591e-03, 5.7918e-01, 1.0319e-03, 
 2DIAGNOSTIC,    18, -2.134249955416e-01, 2.333598677069e-03, 5.8067e-01, 1.4839e-03, 
 2DIAGNOSTIC,    19, -2.134741544724e-01, 2.163327531889e-03, 5.8151e-01, 8.4805e-04, 
 2DIAGNOSTIC,    20, -2.137450873852e-01, 1.847798703238e-03, 5.8242e-01, 9.1004e-04, 
 2DIAGNOSTIC,    21, -2.141078263521e-01, 1.481462968513e-03, 5.8337e-01, 9.4700e-04, 
 2DIAGNOSTIC,    22, -2.143715769053e-01, 1.056913984939e-03, 5.8426e-01, 8.9288e-04, 
 2DIAGNOSTIC,    23, -2.145431637764e-01, 8.685576613061e-04, 5.8516e-01, 9.0003e-04, 
 2DIAGNOSTIC,    24, -2.147331982851e-01, 7.187496521510e-04, 5.8605e-01, 8.8906e-04, 
 2DIAGNOSTIC,    25, -2.150629609823e-01, 5.510322516784e-04, 5.8691e-01, 8.5998e-04, 
 2DIAGNOSTIC,    26, -2.187535464764e-01, 5.542103899643e-04, 5.8802e-01, 1.1120e-03, 
 2DIAGNOSTIC,    27, -2.232468426228e-01, 8.022292167880e-04, 5.8896e-01, 9.3198e-04, 
 2DIAGNOSTIC,    28, -2.343424856663e-01, 1.608364982530e-03, 5.9023e-01, 1.2782e-03, 
 2DIAGNOSTIC,    29, -2.379535138607e-01, 2.362044760957e-03, 5.9111e-01, 8.7190e-04, 
 2DIAGNOSTIC,    30, -2.402214705944e-01, 2.953911665827e-03, 5.9206e-01, 9.5487e-04, 
 2DIAGNOSTIC,    31, -2.399552613497e-01, 3.231653012335e-03, 5.9307e-01, 1.0099e-03, 
 2DIAGNOSTIC,    32, -2.417346984148e-01, 3.268519882113e-03, 5.9402e-01, 9.5201e-04, 
 2DIAGNOSTIC,    33, -2.426640540361e-01, 3.031431697309e-03, 5.9497e-01, 9.5010e-04, 
 2DIAGNOSTIC,    34, -2.433551698923e-01, 2.557597123086e-03, 5.9629e-01, 1.3120e-03, 
 2DIAGNOSTIC,    35, -2.435772866011e-01, 1.897275331430e-03, 5.9713e-01, 8.4591e-04, 
 2DIAGNOSTIC,    36, -2.439729422331e-01, 1.251671812497e-03, 5.9802e-01, 8.8477e-04, 
 2DIAGNOSTIC,    37, -2.441967576742e-01, 6.855294923298e-04, 5.9891e-01, 8.9407e-04, 
 2DIAGNOSTIC,    38, -2.443406730890e-01, 4.731101798825e-04, 5.9975e-01, 8.3995e-04, 
 2DIAGNOSTIC,    39, -2.444784790277e-01, 3.522955521476e-04, 6.0097e-01, 1.2238e-03, 
 2DIAGNOSTIC,    40, -2.445681989193e-01, 2.830368466675e-04, 6.0187e-01, 8.9192e-04, 
 2DIAGNOSTIC,    41, -2.446552067995e-01, 1.839014439611e-04, 6.0276e-01, 8.9312e-04, 
 2DIAGNOSTIC,    42, -2.448382824659e-01, 1.326429774053e-04, 6.0385e-01, 1.0870e-03, 
 2DIAGNOSTIC,    43, -2.448789328337e-01, 1.001619239105e-04, 6.0480e-01, 9.5105e-04, 
 2DIAGNOSTIC,    44, -2.471476495266e-01, 1.466852409067e-04, 6.0561e-01, 8.1706e-04, 
 2DIAGNOSTIC,    45, -2.460990399122e-01, 1.513554016128e-04, 6.0664e-01, 1.0240e-03, 
 2DIAGNOSTIC,    46, -2.462551444769e-01, 1.583066914463e-04, 6.0753e-01, 8.9097e-04, 
 2DIAGNOSTIC,    47, -2.457787394524e-01, 1.434246951248e-04, 6.0855e-01, 1.0200e-03, 
 2DIAGNOSTIC,    48, -2.472258657217e-01, 1.575892674737e-04, 6.0960e-01, 1.0521e-03, 
 2DIAGNOSTIC,    49, -2.443823963404e-01, 8.372165029868e-05, 6.1050e-01, 8.9812e-04, 
 2DIAGNOSTIC,    50, -2.444137781858e-01, 1.077281103790e-05, 6.1146e-01, 9.5987e-04, 
DIAGNOSTIC,Iteration,metricValue,convergenceValue,ITERATION_TIME_INDEX,SINCE_LAST
 2DIAGNOSTIC,     1, -7.674667984247e-02, inf, 1.2045e+00, 5.9307e-01, 
 2DIAGNOSTIC,     2, -7.729223370552e-02, inf, 1.2078e+00, 3.2520e-03, 
 2DIAGNOSTIC,     3, -7.762347161770e-02, inf, 1.2108e+00, 3.0611e-03, 
 2DIAGNOSTIC,     4, -7.847310602665e-02, inf, 1.2143e+00, 3.5090e-03, 
 2DIAGNOSTIC,     5, -7.908248901367e-02, inf, 1.2176e+00, 3.2458e-03, 
 2DIAGNOSTIC,     6, -8.157648146152e-02, inf, 1.2208e+00, 3.2108e-03, 
 2DIAGNOSTIC,     7, -8.266887068748e-02, inf, 1.2245e+00, 3.7050e-03, 
 2DIAGNOSTIC,     8, -8.433275669813e-02, inf, 1.2285e+00, 3.9580e-03, 
 2DIAGNOSTIC,     9, -8.456312865019e-02, inf, 1.2332e+00, 4.7770e-03, 
 2DIAGNOSTIC,    10, -8.522087335587e-02, 7.713169790804e-03, 1.2367e+00, 3.4940e-03, 
 2DIAGNOSTIC,    11, -8.535284548998e-02, 6.879527587444e-03, 1.2401e+00, 3.4049e-03, 
 2DIAGNOSTIC,    12, -8.541512489319e-02, 5.749132018536e-03, 1.2432e+00, 3.0539e-03, 
 2DIAGNOSTIC,    13, -8.550065755844e-02, 4.394622053951e-03, 1.2461e+00, 2.9311e-03, 
 2DIAGNOSTIC,    14, -8.594461530447e-02, 3.167148213834e-03, 1.2502e+00, 4.0390e-03, 
 2DIAGNOSTIC,    15, -8.605589717627e-02, 1.975454855710e-03, 1.2545e+00, 4.3190e-03, 
 2DIAGNOSTIC,    16, -8.593527972698e-02, 1.266955398023e-03, 1.2582e+00, 3.6879e-03, 
 2DIAGNOSTIC,    17, -8.591198921204e-02, 7.397853769362e-04, 1.2617e+00, 3.5288e-03, 
 2DIAGNOSTIC,    18, -8.598854392767e-02, 5.366100231186e-04, 1.2653e+00, 3.5810e-03, 
 2DIAGNOSTIC,    19, -8.603314310312e-02, 3.503504558466e-04, 1.2684e+00, 3.0751e-03, 
 2DIAGNOSTIC,    20, -8.619310706854e-02, 2.895481302403e-04, 1.2719e+00, 3.5200e-03, 
 2DIAGNOSTIC,    21, -8.642645925283e-02, 2.680502366275e-04, 1.2748e+00, 2.9590e-03, 
 2DIAGNOSTIC,    22, -8.658425509930e-02, 2.579188731033e-04, 1.2780e+00, 3.1371e-03, 
 2DIAGNOSTIC,    23, -8.681687712669e-02, 2.696303126868e-04, 1.2819e+00, 3.9041e-03, 
 2DIAGNOSTIC,    24, -8.678895980120e-02, 3.129104734398e-04, 1.2854e+00, 3.5360e-03, 
 2DIAGNOSTIC,    25, -8.678618073463e-02, 3.390163183212e-04, 1.2891e+00, 3.6910e-03, 
 2DIAGNOSTIC,    26, -8.675760775805e-02, 3.120305482298e-04, 1.2920e+00, 2.8839e-03, 
 2DIAGNOSTIC,    27, -8.679235726595e-02, 2.589041541796e-04, 1.2953e+00, 3.3269e-03, 
 2DIAGNOSTIC,    28, -8.680851757526e-02, 1.964116090676e-04, 1.2991e+00, 3.8302e-03, 
 2DIAGNOSTIC,    29, -8.673883974552e-02, 1.170122195617e-04, 1.3022e+00, 3.0620e-03, 
 2DIAGNOSTIC,    30, -8.676160871983e-02, 5.283100836095e-05, 1.3051e+00, 2.9242e-03, 
 2DIAGNOSTIC,    31, -8.677291125059e-02, 1.421722845407e-05, 1.3093e+00, 4.1890e-03, 
DIAGNOSTIC,Iteration,metricValue,convergenceValue,ITERATION_TIME_INDEX,SINCE_LAST
 2DIAGNOSTIC,     1, -4.371305555105e-02, inf, 2.0939e+00, 7.8460e-01, 
 2DIAGNOSTIC,     2, -4.387693852186e-02, inf, 2.1181e+00, 2.4182e-02, 
 2DIAGNOSTIC,     3, -4.401108622551e-02, inf, 2.1450e+00, 2.6877e-02, 
 2DIAGNOSTIC,     4, -4.414657875896e-02, inf, 2.1713e+00, 2.6264e-02, 
 2DIAGNOSTIC,     5, -4.417121410370e-02, inf, 2.1967e+00, 2.5486e-02, 
 2DIAGNOSTIC,     6, -4.416969418526e-02, inf, 2.2188e+00, 2.2061e-02, 
 2DIAGNOSTIC,     7, -4.418354108930e-02, inf, 2.2419e+00, 2.3123e-02, 
 2DIAGNOSTIC,     8, -4.422361776233e-02, inf, 2.2671e+00, 2.5193e-02, 
 2DIAGNOSTIC,     9, -4.427838325500e-02, inf, 2.2938e+00, 2.6659e-02, 
 2DIAGNOSTIC,    10, -4.426680877805e-02, 6.931414245628e-04, 2.3177e+00, 2.3886e-02, 
 2DIAGNOSTIC,    11, -4.473105818033e-02, 7.030995911919e-04, 2.3493e+00, 3.1662e-02, 
 2DIAGNOSTIC,    12, -4.557887092233e-02, 1.180878607556e-03, 2.3830e+00, 3.3691e-02, 
 2DIAGNOSTIC,    13, -4.567941278219e-02, 1.580840093084e-03, 2.4060e+00, 2.3020e-02, 
 2DIAGNOSTIC,    14, -4.591046646237e-02, 1.951731392182e-03, 2.4288e+00, 2.2803e-02, 
 2DIAGNOSTIC,    15, -4.631390422583e-02, 2.277828287333e-03, 2.4619e+00, 3.3032e-02, 
 2DIAGNOSTIC,    16, -4.668677225709e-02, 2.492916071787e-03, 2.4865e+00, 2.4669e-02, 
 2DIAGNOSTIC,    17, -4.703237861395e-02, 2.578593092039e-03, 2.5126e+00, 2.6026e-02, 
 2DIAGNOSTIC,    18, -4.717725887895e-02, 2.481822390109e-03, 2.5403e+00, 2.7786e-02, 
 2DIAGNOSTIC,    19, -4.728147387505e-02, 2.225552452728e-03, 2.5660e+00, 2.5667e-02, 
 2DIAGNOSTIC,    20, -4.752022400498e-02, 1.858860137872e-03, 2.5888e+00, 2.2769e-02, 
 2DIAGNOSTIC,    21, -4.764650017023e-02, 1.522718463093e-03, 2.6111e+00, 2.2269e-02, 
 2DIAGNOSTIC,    22, -4.783548787236e-02, 1.371140242554e-03, 2.6411e+00, 3.0097e-02, 
 2DIAGNOSTIC,    23, -4.821946471930e-02, 1.236498123035e-03, 2.6660e+00, 2.4881e-02, 
 2DIAGNOSTIC,    24, -4.840094223619e-02, 1.101980800740e-03, 2.6885e+00, 2.2447e-02, 
 2DIAGNOSTIC,    25, -4.845531284809e-02, 9.876468684524e-04, 2.7215e+00, 3.3037e-02, 
 2DIAGNOSTIC,    26, -4.857895523310e-02, 9.073371766135e-04, 2.7477e+00, 2.6175e-02, 
 2DIAGNOSTIC,    27, -4.860859364271e-02, 8.330247947015e-04, 2.7712e+00, 2.3512e-02, 
 2DIAGNOSTIC,    28, -4.868172854185e-02, 7.329838699661e-04, 2.7948e+00, 2.3624e-02, 
 2DIAGNOSTIC,    29, -4.872146248817e-02, 6.003289017826e-04, 2.8190e+00, 2.4205e-02, 
 2DIAGNOSTIC,    30, -4.876010864973e-02, 4.778128932230e-04, 2.8502e+00, 3.1197e-02, 
 2DIAGNOSTIC,    31, -4.879591614008e-02, 3.506610810291e-04, 2.8796e+00, 2.9420e-02, 
 2DIAGNOSTIC,    32, -4.880263656378e-02, 2.344659296796e-04, 2.9097e+00, 3.0082e-02, 
 2DIAGNOSTIC,    33, -4.880609735847e-02, 1.746896014083e-04, 2.9355e+00, 2.5738e-02, 
 2DIAGNOSTIC,    34, -4.880656301975e-02, 1.347557699773e-04, 2.9588e+00, 2.3333e-02, 
 2DIAGNOSTIC,    35, -4.880266264081e-02, 9.281351958634e-05, 2.9829e+00, 2.4107e-02, 
 2DIAGNOSTIC,    36, -4.880300164223e-02, 6.554749415955e-05, 3.0061e+00, 2.3147e-02, 
 2DIAGNOSTIC,    37, -4.880543425679e-02, 3.873040259350e-05, 3.0334e+00, 2.7350e-02, 
 2DIAGNOSTIC,    38, -4.880797117949e-02, 2.182397474826e-05, 3.0638e+00, 3.0391e-02, 
 2DIAGNOSTIC,    39, -4.879678413272e-02, 8.168928616215e-06, 3.0914e+00, 2.7627e-02, 
DIAGNOSTIC,Iteration,metricValue,convergenceValue,ITERATION_TIME_INDEX,SINCE_LAST
 2DIAGNOSTIC,     1, -3.226765990257e-02, inf, 4.6929e+00, 1.6015e+00, 
 2DIAGNOSTIC,     2, -3.259930759668e-02, inf, 4.8225e+00, 1.2962e-01, 
 2DIAGNOSTIC,     3, -3.316826745868e-02, inf, 4.9491e+00, 1.2653e-01, 
 2DIAGNOSTIC,     4, -3.465477004647e-02, inf, 5.1138e+00, 1.6472e-01, 
 2DIAGNOSTIC,     5, -3.485340625048e-02, inf, 5.2463e+00, 1.3250e-01, 
 2DIAGNOSTIC,     6, -3.489985689521e-02, inf, 5.4239e+00, 1.7762e-01, 
 2DIAGNOSTIC,     7, -3.491983190179e-02, inf, 5.5502e+00, 1.2633e-01, 
 2DIAGNOSTIC,     8, -3.493261337280e-02, inf, 5.6749e+00, 1.2466e-01, 
 2DIAGNOSTIC,     9, -3.496702015400e-02, inf, 5.8049e+00, 1.3000e-01, 
 2DIAGNOSTIC,    10, -3.502089530230e-02, 5.144623573869e-03, 5.9255e+00, 1.2060e-01, 
 2DIAGNOSTIC,    11, -3.509529680014e-02, 3.296947572380e-03, 6.1071e+00, 1.8157e-01, 
 2DIAGNOSTIC,    12, -3.512551635504e-02, 1.720436383039e-03, 6.2506e+00, 1.4358e-01, 
 2DIAGNOSTIC,    13, -3.515532985330e-02, 5.918854149058e-04, 6.3776e+00, 1.2697e-01, 
 2DIAGNOSTIC,    14, -3.528321906924e-02, 5.215076962486e-04, 6.5510e+00, 1.7336e-01, 
 2DIAGNOSTIC,    15, -3.534951433539e-02, 5.558638949879e-04, 6.6958e+00, 1.4480e-01, 
 2DIAGNOSTIC,    16, -3.538864478469e-02, 5.783552769572e-04, 6.8439e+00, 1.4815e-01, 
 2DIAGNOSTIC,    17, -3.540645539761e-02, 5.642338655889e-04, 6.9873e+00, 1.4339e-01, 
 2DIAGNOSTIC,    18, -3.541093319654e-02, 5.080528208055e-04, 7.1309e+00, 1.4362e-01, 
 2DIAGNOSTIC,    19, -3.541103005409e-02, 4.250598431099e-04, 7.2792e+00, 1.4825e-01, 
 2DIAGNOSTIC,    20, -3.541428595781e-02, 3.334704088047e-04, 7.4292e+00, 1.4997e-01, 
 2DIAGNOSTIC,    21, -3.541750088334e-02, 2.502852585167e-04, 7.5572e+00, 1.2809e-01, 
 2DIAGNOSTIC,    22, -3.541944921017e-02, 1.639819529373e-04, 7.7018e+00, 1.4457e-01, 
 2DIAGNOSTIC,    23, -3.542003408074e-02, 8.006135612959e-05, 7.8273e+00, 1.2545e-01, 
 2DIAGNOSTIC,    24, -3.542047366500e-02, 3.907320933649e-05, 7.9577e+00, 1.3045e-01, 
 2DIAGNOSTIC,    25, -3.542222455144e-02, 1.975506347662e-05, 8.0887e+00, 1.3104e-01, 
 2DIAGNOSTIC,    26, -3.543081134558e-02, 1.497033554188e-05, 8.2186e+00, 1.2988e-01, 
 2DIAGNOSTIC,    27, -3.543195500970e-02, 1.486141991336e-05, 8.4029e+00, 1.8432e-01, 
 2DIAGNOSTIC,    28, -3.543451800942e-02, 1.556565257488e-05, 8.5525e+00, 1.4958e-01, 
 2DIAGNOSTIC,    29, -3.543640673161e-02, 1.542801328469e-05, 8.7343e+00, 1.8174e-01, 
 2DIAGNOSTIC,    30, -3.543751686811e-02, 1.509433332103e-05, 8.8780e+00, 1.4374e-01, 
 2DIAGNOSTIC,    31, -3.543798625469e-02, 1.437777063984e-05, 9.0251e+00, 1.4705e-01, 
 2DIAGNOSTIC,    32, -3.543754667044e-02, 1.282235916733e-05, 9.1508e+00, 1.2571e-01, 
 2DIAGNOSTIC,    33, -3.543853014708e-02, 1.065956257662e-05, 9.2995e+00, 1.4877e-01, 
 2DIAGNOSTIC,    34, -3.543861210346e-02, 7.830887625460e-06, 9.4371e+00, 1.3755e-01, 
 2DIAGNOSTIC,    35, -3.543955087662e-02, 5.084743861516e-06, 9.5834e+00, 1.4635e-01, 
 2DIAGNOSTIC,    36, -3.543958440423e-02, 4.039717168780e-06, 9.7539e+00, 1.7040e-01, 
 2DIAGNOSTIC,    37, -3.543857112527e-02, 2.776797145998e-06, 9.8979e+00, 1.4405e-01, 
 2DIAGNOSTIC,    38, -3.543853387237e-02, 1.937035449373e-06, 1.0044e+01, 1.4582e-01, 
 2DIAGNOSTIC,    39, -3.543899580836e-02, 1.514024006610e-06, 1.0184e+01, 1.4052e-01, 
 2DIAGNOSTIC,    40, -3.543904051185e-02, 1.270374696105e-06, 1.0333e+01, 1.4908e-01, 
 2DIAGNOSTIC,    41, -3.543862700462e-02, 1.010929395306e-06, 1.0480e+01, 1.4638e-01, 
  Elapsed time (stage 0): 1.0824e+01


Total elapsed time: 1.0826e+01
Transforming MT-off to MNI
Transforming MT-on to MNI
