Loading spm/spm12
  Loading requirement: matlab/r2019a
Non-commercial use only - see $FSLDIR/LICENSE
N4 bias corrrection
Centring images
MATLAB is selecting SOFTWARE OPENGL rendering.

Written new image at:
	/home/tom29/rds/hpc-work/cbbu_BIDS/sub-30/anat/sub-30_acq-LC_mt-on_MTS_N4_centred.nii

MATLAB is selecting SOFTWARE OPENGL rendering.

Written new image at:
	/home/tom29/rds/hpc-work/cbbu_BIDS/sub-30/anat/sub-30_acq-LC_mt-off_MTS_N4_centred.nii

Registering MT-on to MT-off
All_Command_lines_OK
Using single precision for computations.
  number of levels = 4
  fixed image: /home/tom29/rds/hpc-work/cbbu_BIDS/sub-30/anat/sub-30_acq-LC_mt-off_MTS_N4_centred.nii.gz
  moving image: /home/tom29/rds/hpc-work/cbbu_BIDS/sub-30/anat/sub-30_acq-LC_mt-on_MTS_N4_centred.nii.gz
Dimension = 3
Number of stages = 1
Use histogram matching = false
Winsorize image intensities = true
  Lower quantile = 0.005
  Upper quantile = 0.995


Stage 1 State
   Image metric = MattesMI
     Fixed image = Image (0x51a33c0)
  RTTI typeinfo:   itk::Image<float, 3u>
  Reference Count: 2
  Modified Time: 1076
  Debug: Off
  Object Name: 
  Observers: 
    none
  Source: (none)
  Source output name: (none)
  Release Data: Off
  Data Released: False
  Global Release Data: Off
  PipelineMTime: 0
  UpdateMTime: 685
  RealTimeStamp: 0 seconds 
  LargestPossibleRegion: 
    Dimension: 3
    Index: [0, 0, 0]
    Size: [448, 448, 112]
  BufferedRegion: 
    Dimension: 3
    Index: [0, 0, 0]
    Size: [448, 448, 112]
  RequestedRegion: 
    Dimension: 3
    Index: [0, 0, 0]
    Size: [448, 448, 112]
  Spacing: [0.428571, 0.428571, 0.5]
  Origin: [93.8945, 133.881, -5.54141]
  Direction: 
-0.999855 0.0147333 -0.00850167
-0.0103617 -0.923896 -0.382503
-0.0134902 -0.382359 0.923915

  IndexToPointMatrix: 
-0.428509 0.00631429 -0.00425084
-0.00444072 -0.395955 -0.191251
-0.00578152 -0.163868 0.461958

  PointToIndexMatrix: 
-2.333 -0.0241772 -0.0314772
0.0343778 -2.15576 -0.892172
-0.0170033 -0.765006 1.84783

  Inverse Direction: 
-0.999855 -0.0103617 -0.0134902
0.0147333 -0.923896 -0.382359
-0.00850167 -0.382503 0.923915

  PixelContainer: 
    ImportImageContainer (0x518f890)
      RTTI typeinfo:   itk::ImportImageContainer<unsigned long, float>
      Reference Count: 1
      Modified Time: 682
      Debug: Off
      Object Name: 
      Observers: 
        none
      Pointer: 0x153b311a0010
      Container manages memory: true
      Size: 22478848
      Capacity: 22478848

     Moving image = Image (0x51a6b60)
  RTTI typeinfo:   itk::Image<float, 3u>
  Reference Count: 2
  Modified Time: 1077
  Debug: Off
  Object Name: 
  Observers: 
    none
  Source: (none)
  Source output name: (none)
  Release Data: Off
  Data Released: False
  Global Release Data: Off
  PipelineMTime: 0
  UpdateMTime: 1074
  RealTimeStamp: 0 seconds 
  LargestPossibleRegion: 
    Dimension: 3
    Index: [0, 0, 0]
    Size: [448, 448, 112]
  BufferedRegion: 
    Dimension: 3
    Index: [0, 0, 0]
    Size: [448, 448, 112]
  RequestedRegion: 
    Dimension: 3
    Index: [0, 0, 0]
    Size: [448, 448, 112]
  Spacing: [0.428571, 0.428571, 0.5]
  Origin: [93.8945, 133.881, -5.54141]
  Direction: 
-0.999855 0.0147333 -0.00850167
-0.0103617 -0.923896 -0.382503
-0.0134902 -0.382359 0.923915

  IndexToPointMatrix: 
-0.428509 0.00631429 -0.00425084
-0.00444072 -0.395955 -0.191251
-0.00578152 -0.163868 0.461958

  PointToIndexMatrix: 
-2.333 -0.0241772 -0.0314772
0.0343778 -2.15576 -0.892172
-0.0170033 -0.765006 1.84783

  Inverse Direction: 
-0.999855 -0.0103617 -0.0134902
0.0147333 -0.923896 -0.382359
-0.00850167 -0.382503 0.923915

  PixelContainer: 
    ImportImageContainer (0x51a6b00)
      RTTI typeinfo:   itk::ImportImageContainer<unsigned long, float>
      Reference Count: 1
      Modified Time: 1071
      Debug: Off
      Object Name: 
      Observers: 
        none
      Pointer: 0x153b2bbdf010
      Container manages memory: true
      Size: 22478848
      Capacity: 22478848

     Weighting = 1
     Sampling strategy = regular
     Number of bins = 32
     Radius = 4
     Sampling percentage  = 0.25
   Transform = Rigid
     Gradient step = 0.1
     Update field sigma (voxel space) = 0
     Total field sigma (voxel space) = 0
     Update field time sigma = 0
     Total field time sigma  = 0
     Number of time indices = 0
     Number of time point samples = 0
Registration using 1 total stages.

Stage 0
  iterations = 1000x500x250x100
  convergence threshold = 1e-06
  convergence window size = 10
  number of levels = 4
  using the Mattes MI metric (number of bins = 32, weight = 1, use gradient filter = 0)
  preprocessing:  winsorizing the image intensities
  Shrink factors (level 1 out of 4): [8, 8, 7]
  Shrink factors (level 2 out of 4): [4, 4, 3]
  Shrink factors (level 3 out of 4): [2, 2, 2]
  Shrink factors (level 4 out of 4): [1, 1, 1]
  smoothing sigmas per level: [3, 2, 1, 0]
  regular sampling (percentage = 0.25)

*** Running Euler3DTransform registration ***

DIAGNOSTIC,Iteration,metricValue,convergenceValue,ITERATION_TIME_INDEX,SINCE_LAST
 2DIAGNOSTIC,     1, -1.525532722473e+00, inf, 5.7628e-01, 5.7628e-01, 
 2DIAGNOSTIC,     2, -1.539686679840e+00, inf, 5.7931e-01, 3.0320e-03, 
 2DIAGNOSTIC,     3, -1.541586637497e+00, inf, 5.8194e-01, 2.6250e-03, 
 2DIAGNOSTIC,     4, -1.546056866646e+00, inf, 5.8538e-01, 3.4430e-03, 
 2DIAGNOSTIC,     5, -1.547180652618e+00, inf, 5.8865e-01, 3.2701e-03, 
 2DIAGNOSTIC,     6, -1.548075199127e+00, inf, 5.9189e-01, 3.2320e-03, 
 2DIAGNOSTIC,     7, -1.548839569092e+00, inf, 5.9702e-01, 5.1360e-03, 
 2DIAGNOSTIC,     8, -1.549061417580e+00, inf, 5.9987e-01, 2.8481e-03, 
 2DIAGNOSTIC,     9, -1.549452424049e+00, inf, 6.0252e-01, 2.6529e-03, 
 2DIAGNOSTIC,    10, -1.549889206886e+00, 7.315560360439e-04, 6.0674e-01, 4.2219e-03, 
 2DIAGNOSTIC,    11, -1.550211906433e+00, 3.568554820959e-04, 6.0993e-01, 3.1900e-03, 
 2DIAGNOSTIC,    12, -1.550376772881e+00, 2.325458481209e-04, 6.1327e-01, 3.3388e-03, 
 2DIAGNOSTIC,    13, -1.550359845161e+00, 1.318548893323e-04, 6.1625e-01, 2.9788e-03, 
 2DIAGNOSTIC,    14, -1.550389289856e+00, 9.277922072215e-05, 6.1899e-01, 2.7399e-03, 
 2DIAGNOSTIC,    15, -1.550520181656e+00, 6.577784370165e-05, 6.2175e-01, 2.7590e-03, 
 2DIAGNOSTIC,    16, -1.550653576851e+00, 4.785036799149e-05, 6.2453e-01, 2.7771e-03, 
 2DIAGNOSTIC,    17, -1.550776600838e+00, 3.740358079085e-05, 6.2748e-01, 2.9531e-03, 
 2DIAGNOSTIC,    18, -1.550914764404e+00, 2.850312375813e-05, 6.3057e-01, 3.0899e-03, 
 2DIAGNOSTIC,    19, -1.550983905792e+00, 2.244365714432e-05, 6.3443e-01, 3.8590e-03, 
 2DIAGNOSTIC,    20, -1.550959110260e+00, 1.876549504232e-05, 6.3720e-01, 2.7750e-03, 
 2DIAGNOSTIC,    21, -1.550970673561e+00, 1.672796133789e-05, 6.4075e-01, 3.5460e-03, 
 2DIAGNOSTIC,    22, -1.550985932350e+00, 1.496246932220e-05, 6.4404e-01, 3.2890e-03, 
 2DIAGNOSTIC,    23, -1.550993919373e+00, 1.200841234095e-05, 6.4669e-01, 2.6531e-03, 
 2DIAGNOSTIC,    24, -1.551057577133e+00, 9.005275387608e-06, 6.4945e-01, 2.7540e-03, 
 2DIAGNOSTIC,    25, -1.551071405411e+00, 6.573931386811e-06, 6.5235e-01, 2.8999e-03, 
 2DIAGNOSTIC,    26, -1.551081299782e+00, 4.840382644034e-06, 6.5638e-01, 4.0359e-03, 
 2DIAGNOSTIC,    27, -1.551034569740e+00, 3.393643964955e-06, 6.6040e-01, 4.0209e-03, 
 2DIAGNOSTIC,    28, -1.551035046577e+00, 2.744848870861e-06, 6.6317e-01, 2.7621e-03, 
 2DIAGNOSTIC,    29, -1.551038742065e+00, 2.447063025102e-06, 6.6631e-01, 3.1431e-03, 
 2DIAGNOSTIC,    30, -1.551095843315e+00, 2.230764494016e-06, 6.6937e-01, 3.0580e-03, 
 2DIAGNOSTIC,    31, -1.551095366478e+00, 1.977947476917e-06, 6.7239e-01, 3.0229e-03, 
 2DIAGNOSTIC,    32, -1.551096439362e+00, 1.757599875418e-06, 6.7559e-01, 3.1991e-03, 
 2DIAGNOSTIC,    33, -1.551096916199e+00, 1.522901357021e-06, 6.7863e-01, 3.0441e-03, 
 2DIAGNOSTIC,    34, -1.551097393036e+00, 1.588025270394e-06, 6.8188e-01, 3.2461e-03, 
 2DIAGNOSTIC,    35, -1.551097512245e+00, 1.651202069297e-06, 6.8454e-01, 2.6641e-03, 
 2DIAGNOSTIC,    36, -1.551099061966e+00, 1.704850546957e-06, 6.8768e-01, 3.1381e-03, 
 2DIAGNOSTIC,    37, -1.551100254059e+00, 1.456260406485e-06, 6.9041e-01, 2.7339e-03, 
 2DIAGNOSTIC,    38, -1.551101684570e+00, 1.175909346784e-06, 6.9306e-01, 2.6448e-03, 
DIAGNOSTIC,Iteration,metricValue,convergenceValue,ITERATION_TIME_INDEX,SINCE_LAST
 2DIAGNOSTIC,     1, -1.472193837166e+00, inf, 1.3229e+00, 6.2984e-01, 
 2DIAGNOSTIC,     2, -1.472487092018e+00, inf, 1.3656e+00, 4.2727e-02, 
 2DIAGNOSTIC,     3, -1.472612857819e+00, inf, 1.4099e+00, 4.4241e-02, 
 2DIAGNOSTIC,     4, -1.472671151161e+00, inf, 1.4521e+00, 4.2256e-02, 
 2DIAGNOSTIC,     5, -1.472710490227e+00, inf, 1.4946e+00, 4.2451e-02, 
 2DIAGNOSTIC,     6, -1.472767353058e+00, inf, 1.5396e+00, 4.5030e-02, 
 2DIAGNOSTIC,     7, -1.472790241241e+00, inf, 1.5837e+00, 4.4120e-02, 
 2DIAGNOSTIC,     8, -1.472796440125e+00, inf, 1.6193e+00, 3.5549e-02, 
 2DIAGNOSTIC,     9, -1.472795248032e+00, inf, 1.6603e+00, 4.1008e-02, 
 2DIAGNOSTIC,    10, -1.472799181938e+00, 2.380090700171e-05, 1.6973e+00, 3.7055e-02, 
 2DIAGNOSTIC,    11, -1.472802758217e+00, 1.358484314551e-05, 1.7412e+00, 4.3877e-02, 
 2DIAGNOSTIC,    12, -1.472813963890e+00, 8.961658750195e-06, 1.7901e+00, 4.8876e-02, 
 2DIAGNOSTIC,    13, -1.472814917564e+00, 6.351228421408e-06, 1.8358e+00, 4.5720e-02, 
 2DIAGNOSTIC,    14, -1.472815155983e+00, 4.567066298478e-06, 1.8822e+00, 4.6426e-02, 
 2DIAGNOSTIC,    15, -1.472810268402e+00, 3.239865463911e-06, 1.9277e+00, 4.5475e-02, 
 2DIAGNOSTIC,    16, -1.472810387611e+00, 2.656485321495e-06, 1.9697e+00, 4.2028e-02, 
 2DIAGNOSTIC,    17, -1.472811102867e+00, 2.343713276787e-06, 2.0129e+00, 4.3128e-02, 
 2DIAGNOSTIC,    18, -1.472816109657e+00, 2.141996901628e-06, 2.0538e+00, 4.0945e-02, 
 2DIAGNOSTIC,    19, -1.472820997238e+00, 1.964238435903e-06, 2.0923e+00, 3.8505e-02, 
 2DIAGNOSTIC,    20, -1.472821116447e+00, 1.817015345296e-06, 2.1336e+00, 4.1324e-02, 
 2DIAGNOSTIC,    21, -1.472821950912e+00, 1.701826136014e-06, 2.1832e+00, 4.9550e-02, 
 2DIAGNOSTIC,    22, -1.472817420959e+00, 1.637523382669e-06, 2.2320e+00, 4.8818e-02, 
 2DIAGNOSTIC,    23, -1.472817182541e+00, 1.566658966112e-06, 2.2711e+00, 3.9073e-02, 
 2DIAGNOSTIC,    24, -1.472817420959e+00, 1.488468228672e-06, 2.3158e+00, 4.4772e-02, 
 2DIAGNOSTIC,    25, -1.472817063332e+00, 1.360583269161e-06, 2.3596e+00, 4.3761e-02, 
 2DIAGNOSTIC,    26, -1.472817301750e+00, 1.237876062987e-06, 2.4024e+00, 4.2815e-02, 
 2DIAGNOSTIC,    27, -1.472817182541e+00, 1.127052541960e-06, 2.4388e+00, 3.6347e-02, 
 2DIAGNOSTIC,    28, -1.472817659378e+00, 1.066042045750e-06, 2.4809e+00, 4.2146e-02, 
 2DIAGNOSTIC,    29, -1.472818136215e+00, 1.051019921761e-06, 2.5220e+00, 4.1087e-02, 
 2DIAGNOSTIC,    30, -1.472818493843e+00, 1.043841734827e-06, 2.5642e+00, 4.2241e-02, 
 2DIAGNOSTIC,    31, -1.472818374634e+00, 1.043965312419e-06, 2.6032e+00, 3.8956e-02, 
 2DIAGNOSTIC,    32, -1.472817897797e+00, 1.012313418869e-06, 2.6455e+00, 4.2327e-02, 
DIAGNOSTIC,Iteration,metricValue,convergenceValue,ITERATION_TIME_INDEX,SINCE_LAST
 2DIAGNOSTIC,     1, -1.389815807343e+00, inf, 3.5816e+00, 9.3603e-01, 
 2DIAGNOSTIC,     2, -1.390847802162e+00, inf, 3.7583e+00, 1.7670e-01, 
 2DIAGNOSTIC,     3, -1.391157865524e+00, inf, 3.9168e+00, 1.5859e-01, 
 2DIAGNOSTIC,     4, -1.391324520111e+00, inf, 4.0910e+00, 1.7417e-01, 
 2DIAGNOSTIC,     5, -1.391599774361e+00, inf, 4.3155e+00, 2.2449e-01, 
 2DIAGNOSTIC,     6, -1.391667127609e+00, inf, 4.4701e+00, 1.5457e-01, 
 2DIAGNOSTIC,     7, -1.391820430756e+00, inf, 4.6253e+00, 1.5524e-01, 
 2DIAGNOSTIC,     8, -1.391974210739e+00, inf, 4.7795e+00, 1.5424e-01, 
 2DIAGNOSTIC,     9, -1.392038702965e+00, inf, 4.9804e+00, 2.0082e-01, 
 2DIAGNOSTIC,    10, -1.392039418221e+00, 8.651410462335e-05, 5.2525e+00, 2.7217e-01, 
 2DIAGNOSTIC,    11, -1.392039179802e+00, 5.234113268671e-05, 5.4612e+00, 2.0863e-01, 
 2DIAGNOSTIC,    12, -1.392040848732e+00, 3.694462793646e-05, 5.6355e+00, 1.7432e-01, 
 2DIAGNOSTIC,    13, -1.392038106918e+00, 2.558965206845e-05, 5.8170e+00, 1.8150e-01, 
 2DIAGNOSTIC,    14, -1.392037153244e+00, 1.608288403077e-05, 5.9940e+00, 1.7697e-01, 
 2DIAGNOSTIC,    15, -1.392035961151e+00, 1.034457545757e-05, 6.2059e+00, 2.1189e-01, 
 2DIAGNOSTIC,    16, -1.392035961151e+00, 5.410002813733e-06, 6.3647e+00, 1.5880e-01, 
 2DIAGNOSTIC,    17, -1.392036437988e+00, 2.544446033426e-06, 6.5429e+00, 1.7822e-01, 
 2DIAGNOSTIC,    18, -1.392033457756e+00, 1.625291247365e-06, 6.7075e+00, 1.6466e-01, 
 2DIAGNOSTIC,    19, -1.392032384872e+00, 1.499098061686e-06, 6.8933e+00, 1.8579e-01, 
 2DIAGNOSTIC,    20, -1.392032861710e+00, 1.414092594132e-06, 7.0749e+00, 1.8158e-01, 
 2DIAGNOSTIC,    21, -1.392033815384e+00, 1.358961981168e-06, 7.2594e+00, 1.8446e-01, 
 2DIAGNOSTIC,    22, -1.392033934593e+00, 1.340127823823e-06, 7.4393e+00, 1.7991e-01, 
 2DIAGNOSTIC,    23, -1.392034411430e+00, 1.313467123509e-06, 7.6251e+00, 1.8579e-01, 
 2DIAGNOSTIC,    24, -1.392034292221e+00, 1.287065629185e-06, 7.8583e+00, 2.3321e-01, 
 2DIAGNOSTIC,    25, -1.392034411430e+00, 1.257314920622e-06, 8.0097e+00, 1.5146e-01, 
 2DIAGNOSTIC,    26, -1.392033934593e+00, 1.226899371432e-06, 8.1941e+00, 1.8432e-01, 
 2DIAGNOSTIC,    27, -1.392032742500e+00, 1.193674052047e-06, 8.3697e+00, 1.7563e-01, 
 2DIAGNOSTIC,    28, -1.392031311989e+00, 1.129751012741e-06, 8.5429e+00, 1.7316e-01, 
 2DIAGNOSTIC,    29, -1.392032861710e+00, 1.074336296369e-06, 8.7202e+00, 1.7734e-01, 
 2DIAGNOSTIC,    30, -1.392032504082e+00, 1.024903212965e-06, 8.8945e+00, 1.7427e-01, 
DIAGNOSTIC,Iteration,metricValue,convergenceValue,ITERATION_TIME_INDEX,SINCE_LAST
 2DIAGNOSTIC,     1, -1.252726197243e+00, inf, 1.1463e+01, 2.5683e+00, 
 2DIAGNOSTIC,     2, -1.253929734230e+00, inf, 1.2453e+01, 9.9004e-01, 
 2DIAGNOSTIC,     3, -1.254111409187e+00, inf, 1.3563e+01, 1.1099e+00, 
 2DIAGNOSTIC,     4, -1.254194974899e+00, inf, 1.4592e+01, 1.0295e+00, 
 2DIAGNOSTIC,     5, -1.254194378853e+00, inf, 1.5580e+01, 9.8738e-01, 
 2DIAGNOSTIC,     6, -1.254193902016e+00, inf, 1.6709e+01, 1.1292e+00, 
 2DIAGNOSTIC,     7, -1.254193425179e+00, inf, 1.7813e+01, 1.1045e+00, 
 2DIAGNOSTIC,     8, -1.254193663597e+00, inf, 1.8820e+01, 1.0066e+00, 
 2DIAGNOSTIC,     9, -1.254193305969e+00, inf, 1.9818e+01, 9.9803e-01, 
 2DIAGNOSTIC,    10, -1.254193544388e+00, 4.294659447623e-05, 2.0664e+01, 8.4592e-01, 
 2DIAGNOSTIC,    11, -1.254193544388e+00, 9.773142664926e-06, 2.1796e+01, 1.1316e+00, 
 2DIAGNOSTIC,    12, -1.254193067551e+00, 4.154192993155e-06, 2.2790e+01, 9.9497e-01, 
 2DIAGNOSTIC,    13, -1.254192829132e+00, 2.385373136349e-06, 2.3771e+01, 9.8033e-01, 
 2DIAGNOSTIC,    14, -1.254192709923e+00, 2.225855723736e-06, 2.4762e+01, 9.9126e-01, 
 2DIAGNOSTIC,    15, -1.254192471504e+00, 2.079277237499e-06, 2.5758e+01, 9.9610e-01, 
 2DIAGNOSTIC,    16, -1.254193305969e+00, 1.960087047337e-06, 2.6994e+01, 1.2362e+00, 
 2DIAGNOSTIC,    17, -1.254193305969e+00, 1.850800913417e-06, 2.8090e+01, 1.0952e+00, 
 2DIAGNOSTIC,    18, -1.254193425179e+00, 1.760379518601e-06, 2.9066e+01, 9.7631e-01, 
 2DIAGNOSTIC,    19, -1.254192948341e+00, 1.670163442213e-06, 3.0069e+01, 1.0028e+00, 
 2DIAGNOSTIC,    20, -1.254192829132e+00, 1.590784563632e-06, 3.1053e+01, 9.8389e-01, 
 2DIAGNOSTIC,    21, -1.254192829132e+00, 1.518899125585e-06, 3.2036e+01, 9.8340e-01, 
 2DIAGNOSTIC,    22, -1.254192829132e+00, 1.448143962079e-06, 3.3034e+01, 9.9815e-01, 
 2DIAGNOSTIC,    23, -1.254193067551e+00, 1.383459334647e-06, 3.3992e+01, 9.5813e-01, 
 2DIAGNOSTIC,    24, -1.254192948341e+00, 1.322054117736e-06, 3.4981e+01, 9.8882e-01, 
 2DIAGNOSTIC,    25, -1.254192948341e+00, 1.263615445168e-06, 3.5975e+01, 9.9368e-01, 
 2DIAGNOSTIC,    26, -1.254192829132e+00, 1.216709392793e-06, 3.6996e+01, 1.0208e+00, 
 2DIAGNOSTIC,    27, -1.254192829132e+00, 1.173831719825e-06, 3.7969e+01, 9.7380e-01, 
 2DIAGNOSTIC,    28, -1.254192948341e+00, 1.136417722591e-06, 3.8840e+01, 8.7048e-01, 
 2DIAGNOSTIC,    29, -1.254192829132e+00, 1.096892560781e-06, 3.9842e+01, 1.0024e+00, 
 2DIAGNOSTIC,    30, -1.254192829132e+00, 1.059180021912e-06, 4.0839e+01, 9.9633e-01, 
 2DIAGNOSTIC,    31, -1.254192829132e+00, 1.024039647746e-06, 4.1829e+01, 9.9059e-01, 
  Elapsed time (stage 0): 4.2629e+01


Total elapsed time: 4.2642e+01
Registering MT-off to MP2RAGE
All_Command_lines_OK
Using single precision for computations.
  Reading mask(s).
    Registration stage 0
      Fixed mask = /home/tom29/rds/hpc-work/cbbu_BIDS/sub-30/anat/sub-30_mask_centred.nii.gz
 file NULL does not exist . 
      No moving mask
  number of levels = 4
  fixed image: /home/tom29/rds/hpc-work/cbbu_BIDS/sub-30/anat/sub-30_acq-whole_UNI_MP2RAGE_brain_N4_centred.nii.gz
  moving image: /home/tom29/rds/hpc-work/cbbu_BIDS/sub-30/anat/sub-30_acq-LC_mt-off_MTS_N4_centred.nii.gz
Dimension = 3
Number of stages = 1
Use histogram matching = false
Winsorize image intensities = true
  Lower quantile = 0.005
  Upper quantile = 0.995


Stage 1 State
   Image metric = MattesMI
     Fixed image = Image (0x356f9e0)
  RTTI typeinfo:   itk::Image<float, 3u>
  Reference Count: 2
  Modified Time: 1519
  Debug: Off
  Object Name: 
  Observers: 
    none
  Source: (none)
  Source output name: (none)
  Release Data: Off
  Data Released: False
  Global Release Data: Off
  PipelineMTime: 0
  UpdateMTime: 1128
  RealTimeStamp: 0 seconds 
  LargestPossibleRegion: 
    Dimension: 3
    Index: [0, 0, 0]
    Size: [224, 300, 320]
  BufferedRegion: 
    Dimension: 3
    Index: [0, 0, 0]
    Size: [224, 300, 320]
  RequestedRegion: 
    Dimension: 3
    Index: [0, 0, 0]
    Size: [224, 300, 320]
  Spacing: [0.75, 0.75, 0.75]
  Origin: [82.1251, 160.952, -61.1543]
  Direction: 
-0.999849 0.0157775 -0.00732037
-0.011455 -0.914046 -0.405448
-0.0130881 -0.405303 0.914089

  IndexToPointMatrix: 
-0.749886 0.0118331 -0.00549027
-0.00859127 -0.685535 -0.304086
-0.00981607 -0.303977 0.685567

  PointToIndexMatrix: 
-1.33313 -0.0152734 -0.0174508
0.0210366 -1.21873 -0.540404
-0.00976049 -0.540598 1.21878

  Inverse Direction: 
-0.999849 -0.011455 -0.0130881
0.0157775 -0.914046 -0.405303
-0.00732037 -0.405448 0.914089

  PixelContainer: 
    ImportImageContainer (0x355eb40)
      RTTI typeinfo:   itk::ImportImageContainer<unsigned long, float>
      Reference Count: 1
      Modified Time: 1125
      Debug: Off
      Object Name: 
      Observers: 
        none
      Pointer: 0x14ba03ed5010
      Container manages memory: true
      Size: 21504000
      Capacity: 21504000

     Moving image = Image (0x357aa40)
  RTTI typeinfo:   itk::Image<float, 3u>
  Reference Count: 2
  Modified Time: 1520
  Debug: Off
  Object Name: 
  Observers: 
    none
  Source: (none)
  Source output name: (none)
  Release Data: Off
  Data Released: False
  Global Release Data: Off
  PipelineMTime: 0
  UpdateMTime: 1517
  RealTimeStamp: 0 seconds 
  LargestPossibleRegion: 
    Dimension: 3
    Index: [0, 0, 0]
    Size: [448, 448, 112]
  BufferedRegion: 
    Dimension: 3
    Index: [0, 0, 0]
    Size: [448, 448, 112]
  RequestedRegion: 
    Dimension: 3
    Index: [0, 0, 0]
    Size: [448, 448, 112]
  Spacing: [0.428571, 0.428571, 0.5]
  Origin: [93.8945, 133.881, -5.54141]
  Direction: 
-0.999855 0.0147333 -0.00850167
-0.0103617 -0.923896 -0.382503
-0.0134902 -0.382359 0.923915

  IndexToPointMatrix: 
-0.428509 0.00631429 -0.00425084
-0.00444072 -0.395955 -0.191251
-0.00578152 -0.163868 0.461958

  PointToIndexMatrix: 
-2.333 -0.0241772 -0.0314772
0.0343778 -2.15576 -0.892172
-0.0170033 -0.765006 1.84783

  Inverse Direction: 
-0.999855 -0.0103617 -0.0134902
0.0147333 -0.923896 -0.382359
-0.00850167 -0.382503 0.923915

  PixelContainer: 
    ImportImageContainer (0x3572cc0)
      RTTI typeinfo:   itk::ImportImageContainer<unsigned long, float>
      Reference Count: 1
      Modified Time: 1514
      Debug: Off
      Object Name: 
      Observers: 
        none
      Pointer: 0x14b9fe914010
      Container manages memory: true
      Size: 22478848
      Capacity: 22478848

     Weighting = 1
     Sampling strategy = regular
     Number of bins = 32
     Radius = 4
     Sampling percentage  = 0.25
   Transform = Rigid
     Gradient step = 0.1
     Update field sigma (voxel space) = 0
     Total field sigma (voxel space) = 0
     Update field time sigma = 0
     Total field time sigma  = 0
     Number of time indices = 0
     Number of time point samples = 0
Registration using 1 total stages.

Stage 0
  iterations = 1000x500x250x100
  convergence threshold = 1e-06
  convergence window size = 10
  number of levels = 4
  using the Mattes MI metric (number of bins = 32, weight = 1, use gradient filter = 0)
  preprocessing:  winsorizing the image intensities
  Shrink factors (level 1 out of 4): [8, 8, 8]
  Shrink factors (level 2 out of 4): [4, 4, 4]
  Shrink factors (level 3 out of 4): [2, 2, 2]
  Shrink factors (level 4 out of 4): [1, 1, 1]
  smoothing sigmas per level: [3, 2, 1, 0]
  regular sampling (percentage = 0.25)

*** Running Euler3DTransform registration ***

DIAGNOSTIC,Iteration,metricValue,convergenceValue,ITERATION_TIME_INDEX,SINCE_LAST
 2DIAGNOSTIC,     1, -1.932042092085e-01, inf, 4.8039e-01, 4.8039e-01, 
 2DIAGNOSTIC,     2, -1.928527504206e-01, inf, 4.8102e-01, 6.2513e-04, 
 2DIAGNOSTIC,     3, -1.933246403933e-01, inf, 4.8152e-01, 5.0378e-04, 
 2DIAGNOSTIC,     4, -1.935600638390e-01, inf, 4.8212e-01, 5.9915e-04, 
 2DIAGNOSTIC,     5, -1.931332051754e-01, inf, 4.8265e-01, 5.2881e-04, 
 2DIAGNOSTIC,     6, -1.939330697060e-01, inf, 4.8315e-01, 4.9996e-04, 
 2DIAGNOSTIC,     7, -1.976034790277e-01, inf, 4.8380e-01, 6.5494e-04, 
 2DIAGNOSTIC,     8, -2.005330920219e-01, inf, 4.8437e-01, 5.7101e-04, 
 2DIAGNOSTIC,     9, -2.008270025253e-01, inf, 4.8487e-01, 4.9496e-04, 
 2DIAGNOSTIC,    10, -2.000020891428e-01, 3.027452388778e-03, 4.8561e-01, 7.4315e-04, 
 2DIAGNOSTIC,    11, -1.996284276247e-01, 2.869545016438e-03, 4.8629e-01, 6.7401e-04, 
 2DIAGNOSTIC,    12, -1.997489631176e-01, 2.443141769618e-03, 4.8693e-01, 6.4087e-04, 
 2DIAGNOSTIC,    13, -1.998268067837e-01, 1.914880238473e-03, 4.8766e-01, 7.3791e-04, 
 2DIAGNOSTIC,    14, -2.012193351984e-01, 1.463065273128e-03, 4.8868e-01, 1.0190e-03, 
 2DIAGNOSTIC,    15, -2.013019770384e-01, 9.108774247579e-04, 4.8943e-01, 7.4601e-04, 
 2DIAGNOSTIC,    16, -2.007717341185e-01, 3.664248506539e-04, 4.9005e-01, 6.1893e-04, 
 2DIAGNOSTIC,    17, -2.006934434175e-01, 1.523910905235e-04, 4.9067e-01, 6.2203e-04, 
 2DIAGNOSTIC,    18, -2.007959038019e-01, 1.877079484984e-04, 4.9134e-01, 6.6590e-04, 
 2DIAGNOSTIC,    19, -2.018342614174e-01, 3.013885288965e-04, 4.9207e-01, 7.3791e-04, 
 2DIAGNOSTIC,    20, -2.028212249279e-01, 3.856902476400e-04, 4.9278e-01, 7.0095e-04, 
 2DIAGNOSTIC,    21, -2.045391499996e-01, 5.184698966332e-04, 4.9356e-01, 7.8082e-04, 
 2DIAGNOSTIC,    22, -2.049474567175e-01, 6.248250720091e-04, 4.9418e-01, 6.2084e-04, 
 2DIAGNOSTIC,    23, -2.050978094339e-01, 6.758259842172e-04, 4.9486e-01, 6.8188e-04, 
 2DIAGNOSTIC,    24, -2.054330855608e-01, 7.616570219398e-04, 4.9595e-01, 1.0941e-03, 
 2DIAGNOSTIC,    25, -2.054675072432e-01, 7.750795921311e-04, 4.9660e-01, 6.4516e-04, 
 2DIAGNOSTIC,    26, -2.042308896780e-01, 6.178462062962e-04, 4.9722e-01, 6.2108e-04, 
 2DIAGNOSTIC,    27, -2.042971551418e-01, 4.166221187916e-04, 4.9785e-01, 6.2585e-04, 
 2DIAGNOSTIC,    28, -2.043253779411e-01, 1.969565637410e-04, 4.9848e-01, 6.3205e-04, 
 2DIAGNOSTIC,    29, -2.043506205082e-01, 2.494572618161e-05, 4.9909e-01, 6.1083e-04, 
DIAGNOSTIC,Iteration,metricValue,convergenceValue,ITERATION_TIME_INDEX,SINCE_LAST
 2DIAGNOSTIC,     1, -5.593749880791e-02, inf, 9.9092e-01, 4.9183e-01, 
 2DIAGNOSTIC,     2, -5.652060732245e-02, inf, 9.9320e-01, 2.2810e-03, 
 2DIAGNOSTIC,     3, -5.759397894144e-02, inf, 9.9540e-01, 2.1970e-03, 
 2DIAGNOSTIC,     4, -5.871731787920e-02, inf, 9.9795e-01, 2.5542e-03, 
 2DIAGNOSTIC,     5, -5.931912362576e-02, inf, 1.0005e+00, 2.5039e-03, 
 2DIAGNOSTIC,     6, -5.973832681775e-02, inf, 1.0029e+00, 2.4621e-03, 
 2DIAGNOSTIC,     7, -6.004006043077e-02, inf, 1.0051e+00, 2.1350e-03, 
 2DIAGNOSTIC,     8, -6.020191684365e-02, inf, 1.0076e+00, 2.5220e-03, 
 2DIAGNOSTIC,     9, -6.060120463371e-02, inf, 1.0103e+00, 2.7721e-03, 
 2DIAGNOSTIC,    10, -6.061837822199e-02, 5.194386932999e-03, 1.0130e+00, 2.6331e-03, 
 2DIAGNOSTIC,    11, -6.063140928745e-02, 3.736424492672e-03, 1.0152e+00, 2.1849e-03, 
 2DIAGNOSTIC,    12, -6.067289412022e-02, 2.439593430609e-03, 1.0174e+00, 2.2111e-03, 
 2DIAGNOSTIC,    13, -6.073579192162e-02, 1.536839175969e-03, 1.0203e+00, 2.8770e-03, 
 2DIAGNOSTIC,    14, -6.066572666168e-02, 9.812141070142e-04, 1.0224e+00, 2.1591e-03, 
 2DIAGNOSTIC,    15, -6.066221743822e-02, 6.010379875079e-04, 1.0249e+00, 2.5201e-03, 
 2DIAGNOSTIC,    16, -6.072547659278e-02, 3.581003402360e-04, 1.0274e+00, 2.4891e-03, 
 2DIAGNOSTIC,    17, -6.061796471477e-02, 1.649758487474e-04, 1.0306e+00, 3.1970e-03, 
 2DIAGNOSTIC,    18, -6.069361045957e-02, 3.922773976228e-05, 1.0331e+00, 2.4772e-03, 
 2DIAGNOSTIC,    19, -6.069589406252e-02, 2.369721369178e-05, 1.0353e+00, 2.1529e-03, 
 2DIAGNOSTIC,    20, -6.065061688423e-02, 1.101488237509e-06, 1.0373e+00, 2.0990e-03, 
DIAGNOSTIC,Iteration,metricValue,convergenceValue,ITERATION_TIME_INDEX,SINCE_LAST
 2DIAGNOSTIC,     1, -2.836867980659e-02, inf, 1.6959e+00, 6.5859e-01, 
 2DIAGNOSTIC,     2, -2.853495068848e-02, inf, 1.7135e+00, 1.7529e-02, 
 2DIAGNOSTIC,     3, -2.885925583541e-02, inf, 1.7304e+00, 1.6899e-02, 
 2DIAGNOSTIC,     4, -2.976633049548e-02, inf, 1.7500e+00, 1.9610e-02, 
 2DIAGNOSTIC,     5, -2.997195720673e-02, inf, 1.7664e+00, 1.6391e-02, 
 2DIAGNOSTIC,     6, -3.012723661959e-02, inf, 1.7829e+00, 1.6500e-02, 
 2DIAGNOSTIC,     7, -3.042693808675e-02, inf, 1.8020e+00, 1.9170e-02, 
 2DIAGNOSTIC,     8, -3.078308515251e-02, inf, 1.8190e+00, 1.6958e-02, 
 2DIAGNOSTIC,     9, -3.272165358067e-02, inf, 1.8407e+00, 2.1728e-02, 
 2DIAGNOSTIC,    10, -3.474710881710e-02, 1.094967871904e-02, 1.8614e+00, 2.0720e-02, 
 2DIAGNOSTIC,    11, -3.551775962114e-02, 1.223820820451e-02, 1.8918e+00, 3.0325e-02, 
 2DIAGNOSTIC,    12, -3.556982427835e-02, 1.238716114312e-02, 1.9137e+00, 2.1964e-02, 
 2DIAGNOSTIC,    13, -3.556224331260e-02, 1.162677165121e-02, 1.9379e+00, 2.4189e-02, 
 2DIAGNOSTIC,    14, -3.555880114436e-02, 1.049885805696e-02, 1.9571e+00, 1.9219e-02, 
 2DIAGNOSTIC,    15, -3.554803133011e-02, 8.678728714585e-03, 1.9781e+00, 2.1004e-02, 
 2DIAGNOSTIC,    16, -3.552690520883e-02, 6.395780015737e-03, 2.0023e+00, 2.4153e-02, 
 2DIAGNOSTIC,    17, -3.551690652966e-02, 3.991836681962e-03, 2.0269e+00, 2.4581e-02, 
 2DIAGNOSTIC,    18, -3.550326079130e-02, 1.667613280006e-03, 2.0451e+00, 1.8222e-02, 
 2DIAGNOSTIC,    19, -3.550387918949e-02, 3.154184960295e-04, 2.0672e+00, 2.2136e-02, 
DIAGNOSTIC,Iteration,metricValue,convergenceValue,ITERATION_TIME_INDEX,SINCE_LAST
 2DIAGNOSTIC,     1, -2.620849385858e-02, inf, 3.4889e+00, 1.4217e+00, 
 2DIAGNOSTIC,     2, -2.620661258698e-02, inf, 3.6410e+00, 1.5208e-01, 
 2DIAGNOSTIC,     3, -2.620771341026e-02, inf, 3.7591e+00, 1.1810e-01, 
 2DIAGNOSTIC,     4, -2.620718069375e-02, inf, 3.8789e+00, 1.1976e-01, 
 2DIAGNOSTIC,     5, -2.620482631028e-02, inf, 3.9978e+00, 1.1892e-01, 
 2DIAGNOSTIC,     6, -2.620354294777e-02, inf, 4.1156e+00, 1.1783e-01, 
 2DIAGNOSTIC,     7, -2.620180509984e-02, inf, 4.2316e+00, 1.1601e-01, 
 2DIAGNOSTIC,     8, -2.620195224881e-02, inf, 4.3468e+00, 1.1517e-01, 
 2DIAGNOSTIC,     9, -2.619980461895e-02, inf, 4.4593e+00, 1.1249e-01, 
  Elapsed time (stage 0): 4.6980e+00


Total elapsed time: 4.6993e+00
Transforming MT-off to MNI
Transforming MT-on to MNI
