Loading spm/spm12
  Loading requirement: matlab/r2019a
Non-commercial use only - see $FSLDIR/LICENSE
N4 bias corrrection
Centring images
MATLAB is selecting SOFTWARE OPENGL rendering.

Written new image at:
	/home/tom29/rds/hpc-work/cbbu_BIDS/sub-39/anat/sub-39_acq-LC_mt-on_MTS_N4_centred.nii

MATLAB is selecting SOFTWARE OPENGL rendering.

Written new image at:
	/home/tom29/rds/hpc-work/cbbu_BIDS/sub-39/anat/sub-39_acq-LC_mt-off_MTS_N4_centred.nii

Registering MT-on to MT-off
All_Command_lines_OK
Using single precision for computations.
  number of levels = 4
  fixed image: /home/tom29/rds/hpc-work/cbbu_BIDS/sub-39/anat/sub-39_acq-LC_mt-off_MTS_N4_centred.nii.gz
  moving image: /home/tom29/rds/hpc-work/cbbu_BIDS/sub-39/anat/sub-39_acq-LC_mt-on_MTS_N4_centred.nii.gz
Dimension = 3
Number of stages = 1
Use histogram matching = false
Winsorize image intensities = true
  Lower quantile = 0.005
  Upper quantile = 0.995


Stage 1 State
   Image metric = MattesMI
     Fixed image = Image (0x387c3c0)
  RTTI typeinfo:   itk::Image<float, 3u>
  Reference Count: 2
  Modified Time: 1076
  Debug: Off
  Object Name: 
  Observers: 
    none
  Source: (none)
  Source output name: (none)
  Release Data: Off
  Data Released: False
  Global Release Data: Off
  PipelineMTime: 0
  UpdateMTime: 685
  RealTimeStamp: 0 seconds 
  LargestPossibleRegion: 
    Dimension: 3
    Index: [0, 0, 0]
    Size: [448, 448, 112]
  BufferedRegion: 
    Dimension: 3
    Index: [0, 0, 0]
    Size: [448, 448, 112]
  RequestedRegion: 
    Dimension: 3
    Index: [0, 0, 0]
    Size: [448, 448, 112]
  Spacing: [0.428571, 0.428571, 0.5]
  Origin: [93.8395, 119.549, -1.62254]
  Direction: 
-0.99987 0.0127044 0.00991579
-0.0157113 -0.90543 -0.424204
0.00358878 -0.424305 0.905512

  IndexToPointMatrix: 
-0.428516 0.00544476 0.0049579
-0.00673343 -0.388042 -0.212102
0.00153805 -0.181845 0.452756

  PointToIndexMatrix: 
-2.33303 -0.0366598 0.00837383
0.0296437 -2.11267 -0.990045
0.0198316 -0.848408 1.81102

  Inverse Direction: 
-0.99987 -0.0157113 0.00358878
0.0127044 -0.90543 -0.424305
0.00991579 -0.424204 0.905512

  PixelContainer: 
    ImportImageContainer (0x3868890)
      RTTI typeinfo:   itk::ImportImageContainer<unsigned long, float>
      Reference Count: 1
      Modified Time: 682
      Debug: Off
      Object Name: 
      Observers: 
        none
      Pointer: 0x154f28e98010
      Container manages memory: true
      Size: 22478848
      Capacity: 22478848

     Moving image = Image (0x387fb60)
  RTTI typeinfo:   itk::Image<float, 3u>
  Reference Count: 2
  Modified Time: 1077
  Debug: Off
  Object Name: 
  Observers: 
    none
  Source: (none)
  Source output name: (none)
  Release Data: Off
  Data Released: False
  Global Release Data: Off
  PipelineMTime: 0
  UpdateMTime: 1074
  RealTimeStamp: 0 seconds 
  LargestPossibleRegion: 
    Dimension: 3
    Index: [0, 0, 0]
    Size: [448, 448, 112]
  BufferedRegion: 
    Dimension: 3
    Index: [0, 0, 0]
    Size: [448, 448, 112]
  RequestedRegion: 
    Dimension: 3
    Index: [0, 0, 0]
    Size: [448, 448, 112]
  Spacing: [0.428571, 0.428571, 0.5]
  Origin: [93.8395, 119.549, -1.62254]
  Direction: 
-0.99987 0.0127044 0.00991579
-0.0157113 -0.90543 -0.424204
0.00358878 -0.424305 0.905512

  IndexToPointMatrix: 
-0.428516 0.00544476 0.0049579
-0.00673343 -0.388042 -0.212102
0.00153805 -0.181845 0.452756

  PointToIndexMatrix: 
-2.33303 -0.0366598 0.00837383
0.0296437 -2.11267 -0.990045
0.0198316 -0.848408 1.81102

  Inverse Direction: 
-0.99987 -0.0157113 0.00358878
0.0127044 -0.90543 -0.424305
0.00991579 -0.424204 0.905512

  PixelContainer: 
    ImportImageContainer (0x387fb00)
      RTTI typeinfo:   itk::ImportImageContainer<unsigned long, float>
      Reference Count: 1
      Modified Time: 1071
      Debug: Off
      Object Name: 
      Observers: 
        none
      Pointer: 0x154f238d7010
      Container manages memory: true
      Size: 22478848
      Capacity: 22478848

     Weighting = 1
     Sampling strategy = regular
     Number of bins = 32
     Radius = 4
     Sampling percentage  = 0.25
   Transform = Rigid
     Gradient step = 0.1
     Update field sigma (voxel space) = 0
     Total field sigma (voxel space) = 0
     Update field time sigma = 0
     Total field time sigma  = 0
     Number of time indices = 0
     Number of time point samples = 0
Registration using 1 total stages.

Stage 0
  iterations = 1000x500x250x100
  convergence threshold = 1e-06
  convergence window size = 10
  number of levels = 4
  using the Mattes MI metric (number of bins = 32, weight = 1, use gradient filter = 0)
  preprocessing:  winsorizing the image intensities
  Shrink factors (level 1 out of 4): [8, 8, 7]
  Shrink factors (level 2 out of 4): [4, 4, 3]
  Shrink factors (level 3 out of 4): [2, 2, 2]
  Shrink factors (level 4 out of 4): [1, 1, 1]
  smoothing sigmas per level: [3, 2, 1, 0]
  regular sampling (percentage = 0.25)

*** Running Euler3DTransform registration ***

DIAGNOSTIC,Iteration,metricValue,convergenceValue,ITERATION_TIME_INDEX,SINCE_LAST
 2DIAGNOSTIC,     1, -1.396443724632e+00, inf, 5.7800e-01, 5.7800e-01, 
 2DIAGNOSTIC,     2, -1.412962675095e+00, inf, 5.8104e-01, 3.0398e-03, 
 2DIAGNOSTIC,     3, -1.418999791145e+00, inf, 5.8397e-01, 2.9309e-03, 
 2DIAGNOSTIC,     4, -1.420434832573e+00, inf, 5.8710e-01, 3.1281e-03, 
 2DIAGNOSTIC,     5, -1.421826243401e+00, inf, 5.9154e-01, 4.4460e-03, 
 2DIAGNOSTIC,     6, -1.422042965889e+00, inf, 5.9431e-01, 2.7690e-03, 
 2DIAGNOSTIC,     7, -1.423048019409e+00, inf, 5.9716e-01, 2.8439e-03, 
 2DIAGNOSTIC,     8, -1.423319816589e+00, inf, 5.9981e-01, 2.6560e-03, 
 2DIAGNOSTIC,     9, -1.423352599144e+00, inf, 6.0337e-01, 3.5539e-03, 
 2DIAGNOSTIC,    10, -1.423374652863e+00, 8.105121087283e-04, 6.0847e-01, 5.1079e-03, 
 2DIAGNOSTIC,    11, -1.423343658447e+00, 3.145247173961e-04, 6.1142e-01, 2.9469e-03, 
 2DIAGNOSTIC,    12, -1.423420548439e+00, 1.479152560933e-04, 6.1440e-01, 2.9781e-03, 
 2DIAGNOSTIC,    13, -1.423439502716e+00, 8.666660141898e-05, 6.1773e-01, 3.3340e-03, 
 2DIAGNOSTIC,    14, -1.423443436623e+00, 4.679002449848e-05, 6.2092e-01, 3.1829e-03, 
 2DIAGNOSTIC,    15, -1.423443913460e+00, 2.690029396035e-05, 6.2411e-01, 3.1910e-03, 
 2DIAGNOSTIC,    16, -1.423444867134e+00, 9.646104444982e-06, 6.2744e-01, 3.3369e-03, 
 2DIAGNOSTIC,    17, -1.423445343971e+00, 5.458055056806e-06, 6.3057e-01, 3.1271e-03, 
 2DIAGNOSTIC,    18, -1.423446297646e+00, 4.416519914230e-06, 6.3372e-01, 3.1540e-03, 
 2DIAGNOSTIC,    19, -1.423446416855e+00, 3.587108039937e-06, 6.3738e-01, 3.6569e-03, 
 2DIAGNOSTIC,    20, -1.423446655273e+00, 2.907397629315e-06, 6.4052e-01, 3.1400e-03, 
 2DIAGNOSTIC,    21, -1.423446774483e+00, 1.857773327174e-06, 6.4404e-01, 3.5210e-03, 
 2DIAGNOSTIC,    22, -1.423447132111e+00, 1.569524215483e-06, 6.4777e-01, 3.7258e-03, 
 2DIAGNOSTIC,    23, -1.423446536064e+00, 1.453632421544e-06, 6.5086e-01, 3.0959e-03, 
 2DIAGNOSTIC,    24, -1.423447012901e+00, 1.377921989842e-06, 6.5506e-01, 4.1959e-03, 
 2DIAGNOSTIC,    25, -1.423446893692e+00, 1.306177068727e-06, 6.5825e-01, 3.1919e-03, 
 2DIAGNOSTIC,    26, -1.423447251320e+00, 1.246989995707e-06, 6.6146e-01, 3.2060e-03, 
 2DIAGNOSTIC,    27, -1.423446893692e+00, 1.190788111671e-06, 6.6466e-01, 3.2072e-03, 
 2DIAGNOSTIC,    28, -1.423446893692e+00, 1.144512452811e-06, 6.6775e-01, 3.0880e-03, 
 2DIAGNOSTIC,    29, -1.423446536064e+00, 1.099099449675e-06, 6.7136e-01, 3.6099e-03, 
 2DIAGNOSTIC,    30, -1.423446893692e+00, 1.060566091837e-06, 6.7454e-01, 3.1800e-03, 
 2DIAGNOSTIC,    31, -1.423446655273e+00, 1.023661980071e-06, 6.7772e-01, 3.1788e-03, 
DIAGNOSTIC,Iteration,metricValue,convergenceValue,ITERATION_TIME_INDEX,SINCE_LAST
 2DIAGNOSTIC,     1, -1.311721682549e+00, inf, 1.3042e+00, 6.2651e-01, 
 2DIAGNOSTIC,     2, -1.312299132347e+00, inf, 1.3393e+00, 3.5075e-02, 
 2DIAGNOSTIC,     3, -1.312381625175e+00, inf, 1.3753e+00, 3.6036e-02, 
 2DIAGNOSTIC,     4, -1.312438130379e+00, inf, 1.4206e+00, 4.5227e-02, 
 2DIAGNOSTIC,     5, -1.312471628189e+00, inf, 1.4568e+00, 3.6255e-02, 
 2DIAGNOSTIC,     6, -1.312504410744e+00, inf, 1.4979e+00, 4.1034e-02, 
 2DIAGNOSTIC,     7, -1.312616109848e+00, inf, 1.5305e+00, 3.2682e-02, 
 2DIAGNOSTIC,     8, -1.312673807144e+00, inf, 1.5796e+00, 4.9060e-02, 
 2DIAGNOSTIC,     9, -1.312708139420e+00, inf, 1.6311e+00, 5.1456e-02, 
 2DIAGNOSTIC,    10, -1.312714099884e+00, 3.876826303895e-05, 1.6762e+00, 4.5181e-02, 
 2DIAGNOSTIC,    11, -1.312718272209e+00, 2.281439810758e-05, 1.7178e+00, 4.1573e-02, 
 2DIAGNOSTIC,    12, -1.312713980675e+00, 1.802499355108e-05, 1.7568e+00, 3.8947e-02, 
 2DIAGNOSTIC,    13, -1.312718033791e+00, 1.399379834766e-05, 1.7994e+00, 4.2642e-02, 
 2DIAGNOSTIC,    14, -1.312716603279e+00, 1.034690558299e-05, 1.8363e+00, 3.6936e-02, 
 2DIAGNOSTIC,    15, -1.312719225883e+00, 6.986804692133e-06, 1.8774e+00, 4.1109e-02, 
 2DIAGNOSTIC,    16, -1.312708616257e+00, 3.872895376844e-06, 1.9459e+00, 6.8504e-02, 
 2DIAGNOSTIC,    17, -1.312708139420e+00, 2.358463461860e-06, 1.9870e+00, 4.1060e-02, 
 2DIAGNOSTIC,    18, -1.312703609467e+00, 1.595315552549e-06, 2.0256e+00, 3.8566e-02, 
 2DIAGNOSTIC,    19, -1.312698364258e+00, 1.257196345250e-06, 2.0676e+00, 4.2054e-02, 
 2DIAGNOSTIC,    20, -1.312698721886e+00, 1.059880901266e-06, 2.1059e+00, 3.8233e-02, 
DIAGNOSTIC,Iteration,metricValue,convergenceValue,ITERATION_TIME_INDEX,SINCE_LAST
 2DIAGNOSTIC,     1, -1.190065860748e+00, inf, 3.1132e+00, 1.0074e+00, 
 2DIAGNOSTIC,     2, -1.190169692039e+00, inf, 3.2932e+00, 1.7996e-01, 
 2DIAGNOSTIC,     3, -1.190212130547e+00, inf, 3.4685e+00, 1.7532e-01, 
 2DIAGNOSTIC,     4, -1.190250039101e+00, inf, 3.7333e+00, 2.6484e-01, 
 2DIAGNOSTIC,     5, -1.190249323845e+00, inf, 3.9032e+00, 1.6992e-01, 
 2DIAGNOSTIC,     6, -1.190248966217e+00, inf, 4.0710e+00, 1.6778e-01, 
 2DIAGNOSTIC,     7, -1.190247178078e+00, inf, 4.2442e+00, 1.7315e-01, 
 2DIAGNOSTIC,     8, -1.190247416496e+00, inf, 4.4226e+00, 1.7846e-01, 
 2DIAGNOSTIC,     9, -1.190247654915e+00, inf, 4.5934e+00, 1.7081e-01, 
 2DIAGNOSTIC,    10, -1.190247774124e+00, 9.709584446682e-06, 4.8071e+00, 2.1366e-01, 
 2DIAGNOSTIC,    11, -1.190247654915e+00, 5.198080543778e-06, 4.9838e+00, 1.7670e-01, 
 2DIAGNOSTIC,    12, -1.190247178078e+00, 3.273799165981e-06, 5.1561e+00, 1.7226e-01, 
 2DIAGNOSTIC,    13, -1.190247535706e+00, 2.355468723181e-06, 5.3272e+00, 1.7113e-01, 
 2DIAGNOSTIC,    14, -1.190247178078e+00, 2.216499524366e-06, 5.5303e+00, 2.0306e-01, 
 2DIAGNOSTIC,    15, -1.190247058868e+00, 2.087809434670e-06, 5.7067e+00, 1.7643e-01, 
 2DIAGNOSTIC,    16, -1.190246462822e+00, 1.964979219338e-06, 5.8884e+00, 1.8173e-01, 
 2DIAGNOSTIC,    17, -1.190246343613e+00, 1.832151156123e-06, 6.0684e+00, 1.7994e-01, 
 2DIAGNOSTIC,    18, -1.190246224403e+00, 1.719059127936e-06, 6.2430e+00, 1.7466e-01, 
 2DIAGNOSTIC,    19, -1.190246224403e+00, 1.625141294426e-06, 6.3987e+00, 1.5564e-01, 
 2DIAGNOSTIC,    20, -1.190246462822e+00, 1.549514649923e-06, 6.5806e+00, 1.8191e-01, 
 2DIAGNOSTIC,    21, -1.190246701241e+00, 1.486428459430e-06, 6.7572e+00, 1.7660e-01, 
 2DIAGNOSTIC,    22, -1.190246582031e+00, 1.425083723916e-06, 6.9301e+00, 1.7288e-01, 
 2DIAGNOSTIC,    23, -1.190246343613e+00, 1.372382371301e-06, 7.0967e+00, 1.6666e-01, 
 2DIAGNOSTIC,    24, -1.190246701241e+00, 1.325103994532e-06, 7.2791e+00, 1.8236e-01, 
 2DIAGNOSTIC,    25, -1.190246462822e+00, 1.278162699236e-06, 7.4602e+00, 1.8113e-01, 
 2DIAGNOSTIC,    26, -1.190246462822e+00, 1.228860696756e-06, 7.6393e+00, 1.7913e-01, 
 2DIAGNOSTIC,    27, -1.190246343613e+00, 1.180702952297e-06, 7.8358e+00, 1.9649e-01, 
 2DIAGNOSTIC,    28, -1.190246462822e+00, 1.135825073106e-06, 8.0285e+00, 1.9268e-01, 
 2DIAGNOSTIC,    29, -1.190246224403e+00, 1.091979584089e-06, 8.2009e+00, 1.7238e-01, 
 2DIAGNOSTIC,    30, -1.190246105194e+00, 1.052446236827e-06, 8.3850e+00, 1.8417e-01, 
 2DIAGNOSTIC,    31, -1.190246105194e+00, 1.018125658447e-06, 8.5549e+00, 1.6985e-01, 
DIAGNOSTIC,Iteration,metricValue,convergenceValue,ITERATION_TIME_INDEX,SINCE_LAST
 2DIAGNOSTIC,     1, -1.029042959213e+00, inf, 1.1134e+01, 2.5792e+00, 
 2DIAGNOSTIC,     2, -1.029381275177e+00, inf, 1.2133e+01, 9.9919e-01, 
 2DIAGNOSTIC,     3, -1.029522418976e+00, inf, 1.3360e+01, 1.2265e+00, 
 2DIAGNOSTIC,     4, -1.029547810555e+00, inf, 1.4233e+01, 8.7367e-01, 
 2DIAGNOSTIC,     5, -1.029687285423e+00, inf, 1.5084e+01, 8.5046e-01, 
 2DIAGNOSTIC,     6, -1.029788136482e+00, inf, 1.5967e+01, 8.8296e-01, 
 2DIAGNOSTIC,     7, -1.029821753502e+00, inf, 1.7558e+01, 1.5911e+00, 
 2DIAGNOSTIC,     8, -1.029820799828e+00, inf, 1.8447e+01, 8.8862e-01, 
 2DIAGNOSTIC,     9, -1.029828190804e+00, inf, 1.9453e+01, 1.0063e+00, 
 2DIAGNOSTIC,    10, -1.029832482338e+00, 4.552410973702e-05, 2.0454e+01, 1.0014e+00, 
 2DIAGNOSTIC,    11, -1.029831409454e+00, 2.762817894109e-05, 2.1471e+01, 1.0172e+00, 
 2DIAGNOSTIC,    12, -1.029831767082e+00, 1.823690399760e-05, 2.2725e+01, 1.2535e+00, 
 2DIAGNOSTIC,    13, -1.029831886292e+00, 1.193600837723e-05, 2.3965e+01, 1.2399e+00, 
 2DIAGNOSTIC,    14, -1.029832243919e+00, 6.134077011666e-06, 2.4950e+01, 9.8530e-01, 
 2DIAGNOSTIC,    15, -1.029831886292e+00, 3.265313353040e-06, 2.5846e+01, 8.9580e-01, 
 2DIAGNOSTIC,    16, -1.029832005501e+00, 2.377605369475e-06, 2.6963e+01, 1.1173e+00, 
 2DIAGNOSTIC,    17, -1.029831886292e+00, 2.105335852320e-06, 2.7995e+01, 1.0321e+00, 
 2DIAGNOSTIC,    18, -1.029831647873e+00, 1.820618194870e-06, 2.8988e+01, 9.9276e-01, 
 2DIAGNOSTIC,    19, -1.029831528664e+00, 1.664718865868e-06, 2.9982e+01, 9.9389e-01, 
 2DIAGNOSTIC,    20, -1.029831528664e+00, 1.585083168720e-06, 3.0986e+01, 1.0043e+00, 
 2DIAGNOSTIC,    21, -1.029831886292e+00, 1.504038664280e-06, 3.2000e+01, 1.0139e+00, 
 2DIAGNOSTIC,    22, -1.029831767082e+00, 1.434184127902e-06, 3.2990e+01, 9.8949e-01, 
 2DIAGNOSTIC,    23, -1.029831647873e+00, 1.371513462800e-06, 3.3962e+01, 9.7242e-01, 
 2DIAGNOSTIC,    24, -1.029831528664e+00, 1.318134650319e-06, 3.4977e+01, 1.0150e+00, 
 2DIAGNOSTIC,    25, -1.029831767082e+00, 1.268297864954e-06, 3.5962e+01, 9.8445e-01, 
 2DIAGNOSTIC,    26, -1.029831767082e+00, 1.223773097081e-06, 3.6957e+01, 9.9530e-01, 
 2DIAGNOSTIC,    27, -1.029831886292e+00, 1.182601977234e-06, 3.7962e+01, 1.0048e+00, 
 2DIAGNOSTIC,    28, -1.029831886292e+00, 1.141734060184e-06, 3.8948e+01, 9.8675e-01, 
 2DIAGNOSTIC,    29, -1.029831767082e+00, 1.100939471144e-06, 3.9931e+01, 9.8224e-01, 
 2DIAGNOSTIC,    30, -1.029831767082e+00, 1.062380192707e-06, 4.0940e+01, 1.0098e+00, 
 2DIAGNOSTIC,    31, -1.029831767082e+00, 1.029280838338e-06, 4.1943e+01, 1.0025e+00, 
  Elapsed time (stage 0): 4.2744e+01


Total elapsed time: 4.2755e+01
Registering MT-off to MP2RAGE
All_Command_lines_OK
Using single precision for computations.
  Reading mask(s).
    Registration stage 0
      Fixed mask = /home/tom29/rds/hpc-work/cbbu_BIDS/sub-39/anat/sub-39_mask_centred.nii.gz
 file NULL does not exist . 
      No moving mask
  number of levels = 4
  fixed image: /home/tom29/rds/hpc-work/cbbu_BIDS/sub-39/anat/sub-39_acq-whole_UNI_MP2RAGE_brain_N4_centred.nii.gz
  moving image: /home/tom29/rds/hpc-work/cbbu_BIDS/sub-39/anat/sub-39_acq-LC_mt-off_MTS_N4_centred.nii.gz
Dimension = 3
Number of stages = 1
Use histogram matching = false
Winsorize image intensities = true
  Lower quantile = 0.005
  Upper quantile = 0.995


Stage 1 State
   Image metric = MattesMI
     Fixed image = Image (0x3f179e0)
  RTTI typeinfo:   itk::Image<float, 3u>
  Reference Count: 2
  Modified Time: 1519
  Debug: Off
  Object Name: 
  Observers: 
    none
  Source: (none)
  Source output name: (none)
  Release Data: Off
  Data Released: False
  Global Release Data: Off
  PipelineMTime: 0
  UpdateMTime: 1128
  RealTimeStamp: 0 seconds 
  LargestPossibleRegion: 
    Dimension: 3
    Index: [0, 0, 0]
    Size: [224, 300, 320]
  BufferedRegion: 
    Dimension: 3
    Index: [0, 0, 0]
    Size: [224, 300, 320]
  RequestedRegion: 
    Dimension: 3
    Index: [0, 0, 0]
    Size: [224, 300, 320]
  Spacing: [0.75, 0.75, 0.75]
  Origin: [80.7905, 157.39, -50.4435]
  Direction: 
-0.999875 0.0118693 0.0104294
-0.0153466 -0.886598 -0.462287
0.00375968 -0.462389 0.886669

  IndexToPointMatrix: 
-0.749906 0.00890196 0.00782206
-0.0115099 -0.664948 -0.346715
0.00281976 -0.346792 0.665002

  PointToIndexMatrix: 
-1.33317 -0.0204621 0.00501291
0.0158257 -1.18213 -0.616519
0.0139059 -0.616382 1.18223

  Inverse Direction: 
-0.999875 -0.0153466 0.00375968
0.0118693 -0.886598 -0.462389
0.0104294 -0.462287 0.886669

  PixelContainer: 
    ImportImageContainer (0x3f06b40)
      RTTI typeinfo:   itk::ImportImageContainer<unsigned long, float>
      Reference Count: 1
      Modified Time: 1125
      Debug: Off
      Object Name: 
      Observers: 
        none
      Pointer: 0x14e7a2c0c010
      Container manages memory: true
      Size: 21504000
      Capacity: 21504000

     Moving image = Image (0x3f22a40)
  RTTI typeinfo:   itk::Image<float, 3u>
  Reference Count: 2
  Modified Time: 1520
  Debug: Off
  Object Name: 
  Observers: 
    none
  Source: (none)
  Source output name: (none)
  Release Data: Off
  Data Released: False
  Global Release Data: Off
  PipelineMTime: 0
  UpdateMTime: 1517
  RealTimeStamp: 0 seconds 
  LargestPossibleRegion: 
    Dimension: 3
    Index: [0, 0, 0]
    Size: [448, 448, 112]
  BufferedRegion: 
    Dimension: 3
    Index: [0, 0, 0]
    Size: [448, 448, 112]
  RequestedRegion: 
    Dimension: 3
    Index: [0, 0, 0]
    Size: [448, 448, 112]
  Spacing: [0.428571, 0.428571, 0.5]
  Origin: [93.8395, 119.549, -1.62254]
  Direction: 
-0.99987 0.0127044 0.00991579
-0.0157113 -0.90543 -0.424204
0.00358878 -0.424305 0.905512

  IndexToPointMatrix: 
-0.428516 0.00544476 0.0049579
-0.00673343 -0.388042 -0.212102
0.00153805 -0.181845 0.452756

  PointToIndexMatrix: 
-2.33303 -0.0366598 0.00837383
0.0296437 -2.11267 -0.990045
0.0198316 -0.848408 1.81102

  Inverse Direction: 
-0.99987 -0.0157113 0.00358878
0.0127044 -0.90543 -0.424305
0.00991579 -0.424204 0.905512

  PixelContainer: 
    ImportImageContainer (0x3f1acc0)
      RTTI typeinfo:   itk::ImportImageContainer<unsigned long, float>
      Reference Count: 1
      Modified Time: 1514
      Debug: Off
      Object Name: 
      Observers: 
        none
      Pointer: 0x14e79d64b010
      Container manages memory: true
      Size: 22478848
      Capacity: 22478848

     Weighting = 1
     Sampling strategy = regular
     Number of bins = 32
     Radius = 4
     Sampling percentage  = 0.25
   Transform = Rigid
     Gradient step = 0.1
     Update field sigma (voxel space) = 0
     Total field sigma (voxel space) = 0
     Update field time sigma = 0
     Total field time sigma  = 0
     Number of time indices = 0
     Number of time point samples = 0
Registration using 1 total stages.

Stage 0
  iterations = 1000x500x250x100
  convergence threshold = 1e-06
  convergence window size = 10
  number of levels = 4
  using the Mattes MI metric (number of bins = 32, weight = 1, use gradient filter = 0)
  preprocessing:  winsorizing the image intensities
  Shrink factors (level 1 out of 4): [8, 8, 8]
  Shrink factors (level 2 out of 4): [4, 4, 4]
  Shrink factors (level 3 out of 4): [2, 2, 2]
  Shrink factors (level 4 out of 4): [1, 1, 1]
  smoothing sigmas per level: [3, 2, 1, 0]
  regular sampling (percentage = 0.25)

*** Running Euler3DTransform registration ***

DIAGNOSTIC,Iteration,metricValue,convergenceValue,ITERATION_TIME_INDEX,SINCE_LAST
 2DIAGNOSTIC,     1, -2.624398767948e-01, inf, 4.8294e-01, 4.8294e-01, 
 2DIAGNOSTIC,     2, -2.646870911121e-01, inf, 4.8348e-01, 5.3406e-04, 
 2DIAGNOSTIC,     3, -2.649537324905e-01, inf, 4.8392e-01, 4.4298e-04, 
 2DIAGNOSTIC,     4, -2.679582238197e-01, inf, 4.8436e-01, 4.3607e-04, 
 2DIAGNOSTIC,     5, -2.686406373978e-01, inf, 4.8489e-01, 5.3287e-04, 
 2DIAGNOSTIC,     6, -2.690781056881e-01, inf, 4.8548e-01, 5.9199e-04, 
 2DIAGNOSTIC,     7, -2.697911858559e-01, inf, 4.8600e-01, 5.2285e-04, 
 2DIAGNOSTIC,     8, -2.703438103199e-01, inf, 4.8651e-01, 5.0592e-04, 
 2DIAGNOSTIC,     9, -2.712018787861e-01, inf, 4.8716e-01, 6.4993e-04, 
 2DIAGNOSTIC,    10, -2.717736065388e-01, 2.095668343827e-03, 4.8777e-01, 6.1202e-04, 
 2DIAGNOSTIC,    11, -2.720591127872e-01, 1.592908054590e-03, 4.8840e-01, 6.2394e-04, 
 2DIAGNOSTIC,    12, -2.726501226425e-01, 1.285688369535e-03, 4.8903e-01, 6.3801e-04, 
 2DIAGNOSTIC,    13, -2.728297114372e-01, 9.395192610100e-04, 4.8976e-01, 7.2312e-04, 
 2DIAGNOSTIC,    14, -2.729781270027e-01, 7.948807324283e-04, 4.9032e-01, 5.6410e-04, 
 2DIAGNOSTIC,    15, -2.731477618217e-01, 6.572283455171e-04, 4.9096e-01, 6.4206e-04, 
 2DIAGNOSTIC,    16, -2.734851539135e-01, 5.273316637613e-04, 4.9165e-01, 6.8498e-04, 
 2DIAGNOSTIC,    17, -2.757462263107e-01, 5.475979996845e-04, 4.9235e-01, 7.0310e-04, 
 2DIAGNOSTIC,    18, -2.760879099369e-01, 5.628936341964e-04, 4.9300e-01, 6.4707e-04, 
 2DIAGNOSTIC,    19, -2.769189178944e-01, 6.186688551679e-04, 4.9360e-01, 6.0081e-04, 
 2DIAGNOSTIC,    20, -2.769462168217e-01, 6.436217227019e-04, 4.9416e-01, 5.6195e-04, 
 2DIAGNOSTIC,    21, -2.761663496494e-01, 5.812189774588e-04, 4.9481e-01, 6.5303e-04, 
 2DIAGNOSTIC,    22, -2.786900401115e-01, 6.181236240081e-04, 4.9551e-01, 6.9594e-04, 
 2DIAGNOSTIC,    23, -2.797058820724e-01, 6.439757999033e-04, 4.9610e-01, 5.9104e-04, 
 2DIAGNOSTIC,    24, -2.797177433968e-01, 6.148238899186e-04, 4.9677e-01, 6.7401e-04, 
 2DIAGNOSTIC,    25, -2.797486484051e-01, 5.420261877589e-04, 4.9753e-01, 7.5912e-04, 
 2DIAGNOSTIC,    26, -2.789942920208e-01, 4.063946544193e-04, 4.9817e-01, 6.3205e-04, 
 2DIAGNOSTIC,    27, -2.798487842083e-01, 3.621073265094e-04, 4.9872e-01, 5.5313e-04, 
 2DIAGNOSTIC,    28, -2.798721790314e-01, 2.970368950628e-04, 4.9935e-01, 6.3086e-04, 
 2DIAGNOSTIC,    29, -2.798982262611e-01, 2.401922683930e-04, 4.9997e-01, 6.1703e-04, 
 2DIAGNOSTIC,    30, -2.799277901649e-01, 1.695427927189e-04, 5.0056e-01, 5.9295e-04, 
 2DIAGNOSTIC,    31, -2.800995111465e-01, 6.557273445651e-05, 5.0140e-01, 8.4305e-04, 
 2DIAGNOSTIC,    32, -2.801642417908e-01, 4.451597487787e-05, 5.0198e-01, 5.7316e-04, 
 2DIAGNOSTIC,    33, -2.802138626575e-01, 5.359420538298e-05, 5.0261e-01, 6.2895e-04, 
 2DIAGNOSTIC,    34, -2.802636623383e-01, 5.917910675635e-05, 5.0323e-01, 6.2299e-04, 
 2DIAGNOSTIC,    35, -2.802892029285e-01, 6.150225817692e-05, 5.0400e-01, 7.7009e-04, 
 2DIAGNOSTIC,    36, -2.803110778332e-01, 3.614575689426e-05, 5.0457e-01, 5.6911e-04, 
 2DIAGNOSTIC,    37, -2.803466618061e-01, 3.365143129486e-05, 5.0523e-01, 6.5899e-04, 
 2DIAGNOSTIC,    38, -2.804170846939e-01, 3.074196138186e-05, 5.0592e-01, 6.9594e-04, 
 2DIAGNOSTIC,    39, -2.817398905754e-01, 6.082462641643e-05, 5.0691e-01, 9.8991e-04, 
 2DIAGNOSTIC,    40, -2.817439734936e-01, 8.347609400516e-05, 5.0748e-01, 5.6911e-04, 
 2DIAGNOSTIC,    41, -2.818062901497e-01, 1.033981607179e-04, 5.0808e-01, 6.0010e-04, 
 2DIAGNOSTIC,    42, -2.818418443203e-01, 1.154717101599e-04, 5.0864e-01, 5.6291e-04, 
 2DIAGNOSTIC,    43, -2.818569839001e-01, 1.173956916318e-04, 5.0932e-01, 6.7592e-04, 
 2DIAGNOSTIC,    44, -2.818644940853e-01, 1.089243523893e-04, 5.1024e-01, 9.2006e-04, 
 2DIAGNOSTIC,    45, -2.818642258644e-01, 9.098619193537e-05, 5.1103e-01, 7.8583e-04, 
 2DIAGNOSTIC,    46, -2.818640768528e-01, 6.615503662033e-05, 5.1171e-01, 6.8307e-04, 
 2DIAGNOSTIC,    47, -2.818632125854e-01, 3.718666994246e-05, 5.1236e-01, 6.5088e-04, 
 2DIAGNOSTIC,    48, -2.818633019924e-01, 6.665719865850e-06, 5.1304e-01, 6.8283e-04, 
 2DIAGNOSTIC,    49, -2.818644642830e-01, 4.613895725925e-06, 5.1371e-01, 6.6304e-04, 
 2DIAGNOSTIC,    50, -2.818642556667e-01, 2.322198270122e-06, 5.1435e-01, 6.4087e-04, 
 2DIAGNOSTIC,    51, -2.818629741669e-01, 1.175984834845e-06, 5.1501e-01, 6.6304e-04, 
DIAGNOSTIC,Iteration,metricValue,convergenceValue,ITERATION_TIME_INDEX,SINCE_LAST
 2DIAGNOSTIC,     1, -9.019232541323e-02, inf, 1.0334e+00, 5.1836e-01, 
 2DIAGNOSTIC,     2, -9.079615771770e-02, inf, 1.0352e+00, 1.8048e-03, 
 2DIAGNOSTIC,     3, -9.181714802980e-02, inf, 1.0368e+00, 1.6780e-03, 
 2DIAGNOSTIC,     4, -9.234952181578e-02, inf, 1.0391e+00, 2.2349e-03, 
 2DIAGNOSTIC,     5, -9.320080280304e-02, inf, 1.0413e+00, 2.2290e-03, 
 2DIAGNOSTIC,     6, -9.375778585672e-02, inf, 1.0430e+00, 1.6611e-03, 
 2DIAGNOSTIC,     7, -9.400001913309e-02, inf, 1.0452e+00, 2.1770e-03, 
 2DIAGNOSTIC,     8, -9.410453587770e-02, inf, 1.0468e+00, 1.6320e-03, 
 2DIAGNOSTIC,     9, -9.404015541077e-02, inf, 1.0487e+00, 1.9250e-03, 
 2DIAGNOSTIC,    10, -9.403347223997e-02, 2.802650444210e-03, 1.0505e+00, 1.8160e-03, 
 2DIAGNOSTIC,    11, -9.404426068068e-02, 1.902560819872e-03, 1.0523e+00, 1.7989e-03, 
 2DIAGNOSTIC,    12, -9.408716112375e-02, 1.144235604443e-03, 1.0541e+00, 1.7571e-03, 
 2DIAGNOSTIC,    13, -9.423311054707e-02, 6.748118321411e-04, 1.0558e+00, 1.7619e-03, 
 2DIAGNOSTIC,    14, -9.435525536537e-02, 3.510983951855e-04, 1.0579e+00, 2.0480e-03, 
 2DIAGNOSTIC,    15, -9.453212469816e-02, 2.455539943185e-04, 1.0610e+00, 3.1130e-03, 
 2DIAGNOSTIC,    16, -9.450455009937e-02, 2.302019711351e-04, 1.0628e+00, 1.7841e-03, 
 2DIAGNOSTIC,    17, -9.448401629925e-02, 2.353002346354e-04, 1.0646e+00, 1.7669e-03, 
 2DIAGNOSTIC,    18, -9.463699162006e-02, 2.620717859827e-04, 1.0666e+00, 2.0161e-03, 
 2DIAGNOSTIC,    19, -9.466586261988e-02, 2.550364588387e-04, 1.0686e+00, 2.0039e-03, 
 2DIAGNOSTIC,    20, -9.462349861860e-02, 2.177349233534e-04, 1.0703e+00, 1.7350e-03, 
 2DIAGNOSTIC,    21, -9.458167105913e-02, 1.603495911695e-04, 1.0721e+00, 1.7810e-03, 
 2DIAGNOSTIC,    22, -9.452544152737e-02, 9.173836588161e-05, 1.0741e+00, 2.0480e-03, 
 2DIAGNOSTIC,    23, -9.459204226732e-02, 4.818594607059e-05, 1.0762e+00, 2.0678e-03, 
 2DIAGNOSTIC,    24, -9.469025582075e-02, 3.048250437132e-05, 1.0779e+00, 1.7240e-03, 
 2DIAGNOSTIC,    25, -9.470655024052e-02, 3.498465230223e-05, 1.0800e+00, 2.0730e-03, 
 2DIAGNOSTIC,    26, -9.475903958082e-02, 3.954303247156e-05, 1.0818e+00, 1.7810e-03, 
 2DIAGNOSTIC,    27, -9.558098763227e-02, 1.295538968407e-04, 1.0846e+00, 2.8071e-03, 
 2DIAGNOSTIC,    28, -9.612653404474e-02, 2.735120360740e-04, 1.0867e+00, 2.0781e-03, 
 2DIAGNOSTIC,    29, -9.596462547779e-02, 3.670550358947e-04, 1.0887e+00, 2.0120e-03, 
 2DIAGNOSTIC,    30, -9.591211378574e-02, 4.126743879169e-04, 1.0904e+00, 1.7290e-03, 
 2DIAGNOSTIC,    31, -9.593497961760e-02, 4.153292684350e-04, 1.0927e+00, 2.2800e-03, 
 2DIAGNOSTIC,    32, -9.594752639532e-02, 3.725307760760e-04, 1.0944e+00, 1.6971e-03, 
 2DIAGNOSTIC,    33, -9.593458473682e-02, 3.007403865922e-04, 1.0964e+00, 1.9841e-03, 
 2DIAGNOSTIC,    34, -9.594719856977e-02, 2.159783616662e-04, 1.0984e+00, 2.0530e-03, 
 2DIAGNOSTIC,    35, -9.602364152670e-02, 1.252758520423e-04, 1.1002e+00, 1.7469e-03, 
 2DIAGNOSTIC,    36, -9.597428143024e-02, 2.629035407153e-05, 1.1022e+00, 2.0571e-03, 
DIAGNOSTIC,Iteration,metricValue,convergenceValue,ITERATION_TIME_INDEX,SINCE_LAST
 2DIAGNOSTIC,     1, -4.672885686159e-02, inf, 1.7432e+00, 6.4099e-01, 
 2DIAGNOSTIC,     2, -4.762224853039e-02, inf, 1.7550e+00, 1.1744e-02, 
 2DIAGNOSTIC,     3, -4.822189360857e-02, inf, 1.7664e+00, 1.1488e-02, 
 2DIAGNOSTIC,     4, -4.897570610046e-02, inf, 1.7781e+00, 1.1654e-02, 
 2DIAGNOSTIC,     5, -5.005871504545e-02, inf, 1.7910e+00, 1.2867e-02, 
 2DIAGNOSTIC,     6, -5.014842376113e-02, inf, 1.8035e+00, 1.2561e-02, 
 2DIAGNOSTIC,     7, -5.037695169449e-02, inf, 1.8192e+00, 1.5663e-02, 
 2DIAGNOSTIC,     8, -5.042199417949e-02, inf, 1.8314e+00, 1.2172e-02, 
 2DIAGNOSTIC,     9, -5.045606568456e-02, inf, 1.8436e+00, 1.2239e-02, 
 2DIAGNOSTIC,    10, -5.053040012717e-02, 4.892737604678e-03, 1.8561e+00, 1.2534e-02, 
 2DIAGNOSTIC,    11, -5.063571035862e-02, 3.281230339780e-03, 1.8683e+00, 1.2199e-02, 
 2DIAGNOSTIC,    12, -5.066419765353e-02, 2.092850394547e-03, 1.8825e+00, 1.4160e-02, 
 2DIAGNOSTIC,    13, -5.067032575607e-02, 1.166160102002e-03, 1.8951e+00, 1.2636e-02, 
 2DIAGNOSTIC,    14, -5.068316310644e-02, 5.714268190786e-04, 1.9076e+00, 1.2493e-02, 
 2DIAGNOSTIC,    15, -5.070517957211e-02, 4.257420077920e-04, 1.9203e+00, 1.2640e-02, 
 2DIAGNOSTIC,    16, -5.069790035486e-02, 2.863077097572e-04, 1.9313e+00, 1.1000e-02, 
 2DIAGNOSTIC,    17, -5.070350319147e-02, 2.158735878766e-04, 1.9437e+00, 1.2429e-02, 
 2DIAGNOSTIC,    18, -5.070906877518e-02, 1.501039223513e-04, 1.9542e+00, 1.0549e-02, 
 2DIAGNOSTIC,    19, -5.072431266308e-02, 9.210320422426e-05, 1.9653e+00, 1.1094e-02, 
 2DIAGNOSTIC,    20, -5.072531476617e-02, 5.206852438278e-05, 1.9777e+00, 1.2368e-02, 
 2DIAGNOSTIC,    21, -5.077238008380e-02, 5.232273906586e-05, 1.9885e+00, 1.0772e-02, 
 2DIAGNOSTIC,    22, -5.080309882760e-02, 6.286654388532e-05, 2.0092e+00, 2.0682e-02, 
 2DIAGNOSTIC,    23, -5.081789940596e-02, 7.172837649705e-05, 2.0218e+00, 1.2647e-02, 
 2DIAGNOSTIC,    24, -5.082559958100e-02, 7.805582572473e-05, 2.0326e+00, 1.0806e-02, 
 2DIAGNOSTIC,    25, -5.083131417632e-02, 8.308306860272e-05, 2.0453e+00, 1.2643e-02, 
 2DIAGNOSTIC,    26, -5.083792656660e-02, 7.975600601640e-05, 2.0576e+00, 1.2375e-02, 
 2DIAGNOSTIC,    27, -5.084003880620e-02, 7.075502071530e-05, 2.0703e+00, 1.2664e-02, 
 2DIAGNOSTIC,    28, -5.083593726158e-02, 5.615428017336e-05, 2.0807e+00, 1.0413e-02, 
 2DIAGNOSTIC,    29, -5.084219574928e-02, 4.178194649285e-05, 2.0949e+00, 1.4221e-02, 
 2DIAGNOSTIC,    30, -5.086925625801e-02, 2.961576319649e-05, 2.1074e+00, 1.2426e-02, 
 2DIAGNOSTIC,    31, -5.088268220425e-02, 2.629513073771e-05, 2.1241e+00, 1.6750e-02, 
 2DIAGNOSTIC,    32, -5.088433250785e-02, 2.646176835697e-05, 2.1349e+00, 1.0812e-02, 
 2DIAGNOSTIC,    33, -5.088181793690e-02, 2.640013008204e-05, 2.1460e+00, 1.1086e-02, 
 2DIAGNOSTIC,    34, -5.087667331100e-02, 2.436472823319e-05, 2.1570e+00, 1.1041e-02, 
 2DIAGNOSTIC,    35, -5.088773369789e-02, 2.282635978190e-05, 2.1677e+00, 1.0652e-02, 
 2DIAGNOSTIC,    36, -5.090285092592e-02, 2.257627966173e-05, 2.1787e+00, 1.1019e-02, 
 2DIAGNOSTIC,    37, -5.091230943799e-02, 2.206772478530e-05, 2.1915e+00, 1.2789e-02, 
 2DIAGNOSTIC,    38, -5.091792345047e-02, 1.986807546928e-05, 2.2054e+00, 1.3924e-02, 
 2DIAGNOSTIC,    39, -5.093020200729e-02, 1.860013435362e-05, 2.2177e+00, 1.2257e-02, 
 2DIAGNOSTIC,    40, -5.092889070511e-02, 1.922121009557e-05, 2.2308e+00, 1.3133e-02, 
 2DIAGNOSTIC,    41, -5.093469098210e-02, 2.066602610284e-05, 2.2420e+00, 1.1219e-02, 
 2DIAGNOSTIC,    42, -5.092930421233e-02, 1.963853537745e-05, 2.2528e+00, 1.0735e-02, 
 2DIAGNOSTIC,    43, -5.093763396144e-02, 1.769019763742e-05, 2.2661e+00, 1.3359e-02, 
 2DIAGNOSTIC,    44, -5.092702433467e-02, 1.214364965563e-05, 2.2787e+00, 1.2544e-02, 
 2DIAGNOSTIC,    45, -5.092702060938e-02, 7.142360118451e-06, 2.2932e+00, 1.4505e-02, 
 2DIAGNOSTIC,    46, -5.091686546803e-02, 2.343994083276e-06, 2.3039e+00, 1.0699e-02, 
DIAGNOSTIC,Iteration,metricValue,convergenceValue,ITERATION_TIME_INDEX,SINCE_LAST
 2DIAGNOSTIC,     1, -3.354002162814e-02, inf, 3.5673e+00, 1.2634e+00, 
 2DIAGNOSTIC,     2, -3.453965112567e-02, inf, 3.6444e+00, 7.7088e-02, 
 2DIAGNOSTIC,     3, -3.552683070302e-02, inf, 3.7292e+00, 8.4840e-02, 
 2DIAGNOSTIC,     4, -3.567887470126e-02, inf, 3.8562e+00, 1.2691e-01, 
 2DIAGNOSTIC,     5, -3.567963093519e-02, inf, 3.9397e+00, 8.3530e-02, 
 2DIAGNOSTIC,     6, -3.567990288138e-02, inf, 4.0246e+00, 8.4923e-02, 
 2DIAGNOSTIC,     7, -3.567999973893e-02, inf, 4.1110e+00, 8.6443e-02, 
 2DIAGNOSTIC,     8, -3.567988798022e-02, inf, 4.1928e+00, 8.1753e-02, 
 2DIAGNOSTIC,     9, -3.567981347442e-02, inf, 4.2645e+00, 7.1648e-02, 
 2DIAGNOSTIC,    10, -3.567988798022e-02, 2.612248295918e-03, 4.3490e+00, 8.4567e-02, 
 2DIAGNOSTIC,    11, -3.568003699183e-02, 9.342594421469e-04, 4.4219e+00, 7.2929e-02, 
 2DIAGNOSTIC,    12, -3.568004444242e-02, 1.059573260136e-04, 4.5277e+00, 1.0575e-01, 
 2DIAGNOSTIC,    13, -3.567976877093e-02, 3.258410060880e-06, 4.6301e+00, 1.0237e-01, 
 2DIAGNOSTIC,    14, -3.567990288138e-02, 2.441437118250e-06, 4.7581e+00, 1.2800e-01, 
 2DIAGNOSTIC,    15, -3.567987307906e-02, 2.099238827213e-06, 4.8478e+00, 8.9705e-02, 
 2DIAGNOSTIC,    16, -3.567993640900e-02, 1.966115860341e-06, 4.9360e+00, 8.8212e-02, 
 2DIAGNOSTIC,    17, -3.567990288138e-02, 1.883553068183e-06, 5.0211e+00, 8.5083e-02, 
 2DIAGNOSTIC,    18, -3.567992150784e-02, 1.773430653884e-06, 5.1336e+00, 1.1254e-01, 
 2DIAGNOSTIC,    19, -3.567988798022e-02, 1.629221401345e-06, 5.2196e+00, 8.5963e-02, 
 2DIAGNOSTIC,    20, -3.567991033196e-02, 1.539920845062e-06, 5.3284e+00, 1.0885e-01, 
 2DIAGNOSTIC,    21, -3.567990660667e-02, 1.518841372672e-06, 5.4151e+00, 8.6691e-02, 
 2DIAGNOSTIC,    22, -3.567990660667e-02, 1.505984187133e-06, 5.4899e+00, 7.4757e-02, 
 2DIAGNOSTIC,    23, -3.567991033196e-02, 1.393631464452e-06, 5.5732e+00, 8.3381e-02, 
 2DIAGNOSTIC,    24, -3.567992523313e-02, 1.340325297861e-06, 5.6715e+00, 9.8223e-02, 
 2DIAGNOSTIC,    25, -3.567989543080e-02, 1.270526126973e-06, 5.7581e+00, 8.6656e-02, 
 2DIAGNOSTIC,    26, -3.567990288138e-02, 1.229045778928e-06, 5.8430e+00, 8.4916e-02, 
 2DIAGNOSTIC,    27, -3.567992150784e-02, 1.185871497000e-06, 5.9265e+00, 8.3427e-02, 
 2DIAGNOSTIC,    28, -3.567991405725e-02, 1.148686123997e-06, 6.0179e+00, 9.1435e-02, 
 2DIAGNOSTIC,    29, -3.567987680435e-02, 1.093669311558e-06, 6.0964e+00, 7.8522e-02, 
 2DIAGNOSTIC,    30, -3.567987680435e-02, 1.049432967193e-06, 6.1839e+00, 8.7483e-02, 
 2DIAGNOSTIC,    31, -3.567987680435e-02, 1.008359504340e-06, 6.2676e+00, 8.3719e-02, 
  Elapsed time (stage 0): 6.5064e+00


Total elapsed time: 6.5078e+00
Transforming MT-off to MNI
Transforming MT-on to MNI
