Loading spm/spm12
  Loading requirement: matlab/r2019a
Non-commercial use only - see $FSLDIR/LICENSE
N4 bias corrrection
Centring images
MATLAB is selecting SOFTWARE OPENGL rendering.

Written new image at:
	/home/tom29/rds/hpc-work/cbbu_BIDS/sub-10/anat/sub-10_acq-LC_mt-on_MTS_N4_centred.nii

MATLAB is selecting SOFTWARE OPENGL rendering.

Written new image at:
	/home/tom29/rds/hpc-work/cbbu_BIDS/sub-10/anat/sub-10_acq-LC_mt-off_MTS_N4_centred.nii

Registering MT-on to MT-off
All_Command_lines_OK
Using single precision for computations.
  number of levels = 4
  fixed image: /home/tom29/rds/hpc-work/cbbu_BIDS/sub-10/anat/sub-10_acq-LC_mt-off_MTS_N4_centred.nii.gz
  moving image: /home/tom29/rds/hpc-work/cbbu_BIDS/sub-10/anat/sub-10_acq-LC_mt-on_MTS_N4_centred.nii.gz
Dimension = 3
Number of stages = 1
Use histogram matching = false
Winsorize image intensities = true
  Lower quantile = 0.005
  Upper quantile = 0.995


Stage 1 State
   Image metric = MattesMI
     Fixed image = Image (0x50f33c0)
  RTTI typeinfo:   itk::Image<float, 3u>
  Reference Count: 2
  Modified Time: 1076
  Debug: Off
  Object Name: 
  Observers: 
    none
  Source: (none)
  Source output name: (none)
  Release Data: Off
  Data Released: False
  Global Release Data: Off
  PipelineMTime: 0
  UpdateMTime: 685
  RealTimeStamp: 0 seconds 
  LargestPossibleRegion: 
    Dimension: 3
    Index: [0, 0, 0]
    Size: [448, 448, 112]
  BufferedRegion: 
    Dimension: 3
    Index: [0, 0, 0]
    Size: [448, 448, 112]
  RequestedRegion: 
    Dimension: 3
    Index: [0, 0, 0]
    Size: [448, 448, 112]
  Spacing: [0.428571, 0.428571, 0.5]
  Origin: [93.9786, 115.947, -29.0649]
  Direction: 
-0.999982 0.00321748 0.00508409
-0.00444053 -0.96484 -0.262799
0.00405978 -0.262817 0.964837

  IndexToPointMatrix: 
-0.428564 0.00137892 0.00254204
-0.00190308 -0.413503 -0.1314
0.00173991 -0.112636 0.482419

  PointToIndexMatrix: 
-2.33329 -0.0103612 0.00947282
0.00750746 -2.25129 -0.61324
0.0101682 -0.525598 1.92967

  Inverse Direction: 
-0.999982 -0.00444053 0.00405978
0.00321748 -0.96484 -0.262817
0.00508409 -0.262799 0.964837

  PixelContainer: 
    ImportImageContainer (0x50df890)
      RTTI typeinfo:   itk::ImportImageContainer<unsigned long, float>
      Reference Count: 1
      Modified Time: 682
      Debug: Off
      Object Name: 
      Observers: 
        none
      Pointer: 0x14b66a3ff010
      Container manages memory: true
      Size: 22478848
      Capacity: 22478848

     Moving image = Image (0x50f6b60)
  RTTI typeinfo:   itk::Image<float, 3u>
  Reference Count: 2
  Modified Time: 1077
  Debug: Off
  Object Name: 
  Observers: 
    none
  Source: (none)
  Source output name: (none)
  Release Data: Off
  Data Released: False
  Global Release Data: Off
  PipelineMTime: 0
  UpdateMTime: 1074
  RealTimeStamp: 0 seconds 
  LargestPossibleRegion: 
    Dimension: 3
    Index: [0, 0, 0]
    Size: [448, 448, 112]
  BufferedRegion: 
    Dimension: 3
    Index: [0, 0, 0]
    Size: [448, 448, 112]
  RequestedRegion: 
    Dimension: 3
    Index: [0, 0, 0]
    Size: [448, 448, 112]
  Spacing: [0.428571, 0.428571, 0.5]
  Origin: [93.9786, 115.947, -29.0649]
  Direction: 
-0.999982 0.00321748 0.00508409
-0.00444053 -0.96484 -0.262799
0.00405978 -0.262817 0.964837

  IndexToPointMatrix: 
-0.428564 0.00137892 0.00254204
-0.00190308 -0.413503 -0.1314
0.00173991 -0.112636 0.482419

  PointToIndexMatrix: 
-2.33329 -0.0103612 0.00947282
0.00750746 -2.25129 -0.61324
0.0101682 -0.525598 1.92967

  Inverse Direction: 
-0.999982 -0.00444053 0.00405978
0.00321748 -0.96484 -0.262817
0.00508409 -0.262799 0.964837

  PixelContainer: 
    ImportImageContainer (0x50f6b00)
      RTTI typeinfo:   itk::ImportImageContainer<unsigned long, float>
      Reference Count: 1
      Modified Time: 1071
      Debug: Off
      Object Name: 
      Observers: 
        none
      Pointer: 0x14b664e3e010
      Container manages memory: true
      Size: 22478848
      Capacity: 22478848

     Weighting = 1
     Sampling strategy = regular
     Number of bins = 32
     Radius = 4
     Sampling percentage  = 0.25
   Transform = Rigid
     Gradient step = 0.1
     Update field sigma (voxel space) = 0
     Total field sigma (voxel space) = 0
     Update field time sigma = 0
     Total field time sigma  = 0
     Number of time indices = 0
     Number of time point samples = 0
Registration using 1 total stages.

Stage 0
  iterations = 1000x500x250x100
  convergence threshold = 1e-06
  convergence window size = 10
  number of levels = 4
  using the Mattes MI metric (number of bins = 32, weight = 1, use gradient filter = 0)
  preprocessing:  winsorizing the image intensities
  Shrink factors (level 1 out of 4): [8, 8, 7]
  Shrink factors (level 2 out of 4): [4, 4, 3]
  Shrink factors (level 3 out of 4): [2, 2, 2]
  Shrink factors (level 4 out of 4): [1, 1, 1]
  smoothing sigmas per level: [3, 2, 1, 0]
  regular sampling (percentage = 0.25)

*** Running Euler3DTransform registration ***

DIAGNOSTIC,Iteration,metricValue,convergenceValue,ITERATION_TIME_INDEX,SINCE_LAST
 2DIAGNOSTIC,     1, -1.460667371750e+00, inf, 6.4645e-01, 6.4645e-01, 
 2DIAGNOSTIC,     2, -1.471110224724e+00, inf, 6.5167e-01, 5.2261e-03, 
 2DIAGNOSTIC,     3, -1.473295331001e+00, inf, 6.5720e-01, 5.5211e-03, 
 2DIAGNOSTIC,     4, -1.473566770554e+00, inf, 6.6245e-01, 5.2531e-03, 
 2DIAGNOSTIC,     5, -1.473919153214e+00, inf, 6.6752e-01, 5.0700e-03, 
 2DIAGNOSTIC,     6, -1.474092960358e+00, inf, 6.7259e-01, 5.0750e-03, 
 2DIAGNOSTIC,     7, -1.474133253098e+00, inf, 6.7797e-01, 5.3742e-03, 
 2DIAGNOSTIC,     8, -1.474272251129e+00, inf, 6.8228e-01, 4.3151e-03, 
 2DIAGNOSTIC,     9, -1.474287629128e+00, inf, 6.8740e-01, 5.1141e-03, 
 2DIAGNOSTIC,    10, -1.474275946617e+00, 3.383480070625e-04, 6.9266e-01, 5.2640e-03, 
 2DIAGNOSTIC,    11, -1.474278330803e+00, 8.540373528376e-05, 6.9774e-01, 5.0781e-03, 
 2DIAGNOSTIC,    12, -1.474231481552e+00, 3.356576053193e-05, 7.0302e-01, 5.2781e-03, 
 2DIAGNOSTIC,    13, -1.474232196808e+00, 1.933550083777e-05, 7.0800e-01, 4.9789e-03, 
 2DIAGNOSTIC,    14, -1.474232554436e+00, 9.233428500011e-06, 7.1252e-01, 4.5211e-03, 
 2DIAGNOSTIC,    15, -1.474282264709e+00, 4.979430741514e-06, 7.1747e-01, 4.9539e-03, 
 2DIAGNOSTIC,    16, -1.474281787872e+00, 3.080288479396e-06, 7.2268e-01, 5.2109e-03, 
 2DIAGNOSTIC,    17, -1.474231004715e+00, 1.155877384917e-06, 7.2829e-01, 5.6040e-03, 
 2DIAGNOSTIC,    18, -1.474232196808e+00, 1.034286810864e-06, 7.3354e-01, 5.2521e-03, 
 2DIAGNOSTIC,    19, -1.474232792854e+00, 1.143035092355e-06, 7.3862e-01, 5.0812e-03, 
 2DIAGNOSTIC,    20, -1.474232912064e+00, 1.156744247055e-06, 7.4379e-01, 5.1680e-03, 
 2DIAGNOSTIC,    21, -1.474232912064e+00, 1.244349959961e-06, 7.4876e-01, 4.9760e-03, 
DIAGNOSTIC,Iteration,metricValue,convergenceValue,ITERATION_TIME_INDEX,SINCE_LAST
 2DIAGNOSTIC,     1, -1.411911606789e+00, inf, 1.5014e+00, 7.5268e-01, 
 2DIAGNOSTIC,     2, -1.412714719772e+00, inf, 1.5509e+00, 4.9442e-02, 
 2DIAGNOSTIC,     3, -1.412887930870e+00, inf, 1.6091e+00, 5.8230e-02, 
 2DIAGNOSTIC,     4, -1.413110017776e+00, inf, 1.6639e+00, 5.4757e-02, 
 2DIAGNOSTIC,     5, -1.413271188736e+00, inf, 1.7215e+00, 5.7627e-02, 
 2DIAGNOSTIC,     6, -1.413420319557e+00, inf, 1.7796e+00, 5.8152e-02, 
 2DIAGNOSTIC,     7, -1.413453817368e+00, inf, 1.8377e+00, 5.8058e-02, 
 2DIAGNOSTIC,     8, -1.413465499878e+00, inf, 1.8867e+00, 4.8989e-02, 
 2DIAGNOSTIC,     9, -1.413475275040e+00, inf, 1.9571e+00, 7.0403e-02, 
 2DIAGNOSTIC,    10, -1.413488864899e+00, 6.014624159434e-05, 2.0367e+00, 7.9563e-02, 
 2DIAGNOSTIC,    11, -1.413483381271e+00, 3.299282616354e-05, 2.0924e+00, 5.5697e-02, 
 2DIAGNOSTIC,    12, -1.413479685783e+00, 2.105905514327e-05, 2.1471e+00, 5.4770e-02, 
 2DIAGNOSTIC,    13, -1.413476228714e+00, 1.189333215734e-05, 2.2043e+00, 5.7149e-02, 
 2DIAGNOSTIC,    14, -1.413478970528e+00, 6.371958988893e-06, 2.2709e+00, 6.6580e-02, 
 2DIAGNOSTIC,    15, -1.413478851318e+00, 3.316794618513e-06, 2.3263e+00, 5.5458e-02, 
 2DIAGNOSTIC,    16, -1.413475513458e+00, 2.358546453252e-06, 2.3801e+00, 5.3833e-02, 
 2DIAGNOSTIC,    17, -1.413475990295e+00, 1.883709273898e-06, 2.4408e+00, 6.0637e-02, 
 2DIAGNOSTIC,    18, -1.413475751877e+00, 1.586129997122e-06, 2.4917e+00, 5.0959e-02, 
 2DIAGNOSTIC,    19, -1.413476824760e+00, 1.445246198273e-06, 2.5526e+00, 6.0814e-02, 
 2DIAGNOSTIC,    20, -1.413476347923e+00, 1.471948962717e-06, 2.6152e+00, 6.2659e-02, 
 2DIAGNOSTIC,    21, -1.413476824760e+00, 1.461012288928e-06, 2.6751e+00, 5.9836e-02, 
 2DIAGNOSTIC,    22, -1.413476705551e+00, 1.422459263267e-06, 2.7319e+00, 5.6893e-02, 
 2DIAGNOSTIC,    23, -1.413476109505e+00, 1.352851086267e-06, 2.7952e+00, 6.3208e-02, 
 2DIAGNOSTIC,    24, -1.413476586342e+00, 1.318680347140e-06, 2.8537e+00, 5.8547e-02, 
 2DIAGNOSTIC,    25, -1.413476705551e+00, 1.288508428843e-06, 2.9127e+00, 5.8985e-02, 
 2DIAGNOSTIC,    26, -1.413476467133e+00, 1.231399892276e-06, 2.9707e+00, 5.8034e-02, 
 2DIAGNOSTIC,    27, -1.413477301598e+00, 1.187778252643e-06, 3.0283e+00, 5.7611e-02, 
 2DIAGNOSTIC,    28, -1.413476943970e+00, 1.141771917901e-06, 3.0863e+00, 5.7948e-02, 
 2DIAGNOSTIC,    29, -1.413477897644e+00, 1.112653421842e-06, 3.1417e+00, 5.5375e-02, 
 2DIAGNOSTIC,    30, -1.413477897644e+00, 1.080492552319e-06, 3.2045e+00, 6.2844e-02, 
 2DIAGNOSTIC,    31, -1.413478374481e+00, 1.054758286045e-06, 3.2631e+00, 5.8651e-02, 
 2DIAGNOSTIC,    32, -1.413478136063e+00, 1.025773599395e-06, 3.3225e+00, 5.9365e-02, 
DIAGNOSTIC,Iteration,metricValue,convergenceValue,ITERATION_TIME_INDEX,SINCE_LAST
 2DIAGNOSTIC,     1, -1.346633195877e+00, inf, 4.5098e+00, 1.1873e+00, 
 2DIAGNOSTIC,     2, -1.347283601761e+00, inf, 4.8176e+00, 3.0775e-01, 
 2DIAGNOSTIC,     3, -1.347379922867e+00, inf, 5.0592e+00, 2.4161e-01, 
 2DIAGNOSTIC,     4, -1.347480058670e+00, inf, 5.2914e+00, 2.3218e-01, 
 2DIAGNOSTIC,     5, -1.347600460052e+00, inf, 5.5964e+00, 3.0499e-01, 
 2DIAGNOSTIC,     6, -1.347628355026e+00, inf, 6.0114e+00, 4.1504e-01, 
 2DIAGNOSTIC,     7, -1.347632050514e+00, inf, 6.2724e+00, 2.6099e-01, 
 2DIAGNOSTIC,     8, -1.347635746002e+00, inf, 6.5026e+00, 2.3015e-01, 
 2DIAGNOSTIC,     9, -1.347637653351e+00, inf, 6.7243e+00, 2.2178e-01, 
 2DIAGNOSTIC,    10, -1.347641706467e+00, 3.635936081992e-05, 6.9875e+00, 2.6315e-01, 
 2DIAGNOSTIC,    11, -1.347642421722e+00, 1.660676207393e-05, 7.2800e+00, 2.9252e-01, 
 2DIAGNOSTIC,    12, -1.347642302513e+00, 1.035181685438e-05, 7.5377e+00, 2.5768e-01, 
 2DIAGNOSTIC,    13, -1.347641706467e+00, 5.901315489609e-06, 7.8005e+00, 2.6278e-01, 
 2DIAGNOSTIC,    14, -1.347642898560e+00, 3.252913529650e-06, 8.0666e+00, 2.6611e-01, 
 2DIAGNOSTIC,    15, -1.347646474838e+00, 2.599904291856e-06, 8.2964e+00, 2.2979e-01, 
 2DIAGNOSTIC,    16, -1.347646832466e+00, 2.354986008868e-06, 8.5545e+00, 2.5813e-01, 
 2DIAGNOSTIC,    17, -1.347650170326e+00, 2.192842430304e-06, 8.7939e+00, 2.3937e-01, 
 2DIAGNOSTIC,    18, -1.347653269768e+00, 2.098384811688e-06, 9.0184e+00, 2.2449e-01, 
 2DIAGNOSTIC,    19, -1.347658395767e+00, 2.059229927909e-06, 9.2810e+00, 2.6258e-01, 
 2DIAGNOSTIC,    20, -1.347660779953e+00, 2.054498509096e-06, 9.5347e+00, 2.5371e-01, 
 2DIAGNOSTIC,    21, -1.347662568092e+00, 2.032423481069e-06, 9.8039e+00, 2.6918e-01, 
 2DIAGNOSTIC,    22, -1.347663879395e+00, 1.976242401724e-06, 1.0062e+01, 2.5826e-01, 
 2DIAGNOSTIC,    23, -1.347665429115e+00, 1.883655954771e-06, 1.0297e+01, 2.3518e-01, 
 2DIAGNOSTIC,    24, -1.347667098045e+00, 1.775688019734e-06, 1.0536e+01, 2.3876e-01, 
 2DIAGNOSTIC,    25, -1.347670078278e+00, 1.689451892162e-06, 1.0869e+01, 3.3276e-01, 
 2DIAGNOSTIC,    26, -1.347671627998e+00, 1.585628183420e-06, 1.1137e+01, 2.6786e-01, 
 2DIAGNOSTIC,    27, -1.347669124603e+00, 1.461876991016e-06, 1.1401e+01, 2.6445e-01, 
 2DIAGNOSTIC,    28, -1.347668290138e+00, 1.337364778919e-06, 1.1665e+01, 2.6373e-01, 
 2DIAGNOSTIC,    29, -1.347667813301e+00, 1.235871650351e-06, 1.1965e+01, 3.0023e-01, 
 2DIAGNOSTIC,    30, -1.347667098045e+00, 1.138971583714e-06, 1.2233e+01, 2.6746e-01, 
 2DIAGNOSTIC,    31, -1.347666621208e+00, 1.049680577125e-06, 1.2498e+01, 2.6546e-01, 
DIAGNOSTIC,Iteration,metricValue,convergenceValue,ITERATION_TIME_INDEX,SINCE_LAST
 2DIAGNOSTIC,     1, -1.253483414650e+00, inf, 1.5783e+01, 3.2845e+00, 
 2DIAGNOSTIC,     2, -1.254554986954e+00, inf, 1.7138e+01, 1.3554e+00, 
 2DIAGNOSTIC,     3, -1.254817843437e+00, inf, 1.8289e+01, 1.1507e+00, 
 2DIAGNOSTIC,     4, -1.254919409752e+00, inf, 1.9754e+01, 1.4653e+00, 
 2DIAGNOSTIC,     5, -1.255011677742e+00, inf, 2.0982e+01, 1.2276e+00, 
 2DIAGNOSTIC,     6, -1.255098581314e+00, inf, 2.2758e+01, 1.7768e+00, 
 2DIAGNOSTIC,     7, -1.255100250244e+00, inf, 2.4188e+01, 1.4300e+00, 
 2DIAGNOSTIC,     8, -1.255100369453e+00, inf, 2.5884e+01, 1.6960e+00, 
 2DIAGNOSTIC,     9, -1.255098581314e+00, inf, 2.7303e+01, 1.4189e+00, 
 2DIAGNOSTIC,    10, -1.255097627640e+00, 5.722805872210e-05, 2.8728e+01, 1.4249e+00, 
 2DIAGNOSTIC,    11, -1.255097508430e+00, 2.254365426779e-05, 3.0020e+01, 1.2914e+00, 
 2DIAGNOSTIC,    12, -1.255096793175e+00, 1.199198868562e-05, 3.1362e+01, 1.3422e+00, 
 2DIAGNOSTIC,    13, -1.255097270012e+00, 6.801636573073e-06, 3.2749e+01, 1.3873e+00, 
 2DIAGNOSTIC,    14, -1.255097031593e+00, 3.571309889594e-06, 3.4036e+01, 1.2867e+00, 
 2DIAGNOSTIC,    15, -1.255097031593e+00, 2.009354375332e-06, 3.5330e+01, 1.2937e+00, 
 2DIAGNOSTIC,    16, -1.255096912384e+00, 1.880428385448e-06, 3.6652e+01, 1.3221e+00, 
 2DIAGNOSTIC,    17, -1.255096673965e+00, 1.795264665816e-06, 3.7960e+01, 1.3081e+00, 
 2DIAGNOSTIC,    18, -1.255096673965e+00, 1.728586425997e-06, 3.9266e+01, 1.3063e+00, 
 2DIAGNOSTIC,    19, -1.255096554756e+00, 1.649931391512e-06, 4.0447e+01, 1.1807e+00, 
 2DIAGNOSTIC,    20, -1.255096912384e+00, 1.574705379426e-06, 4.1786e+01, 1.3394e+00, 
 2DIAGNOSTIC,    21, -1.255096554756e+00, 1.503136218162e-06, 4.2909e+01, 1.1227e+00, 
 2DIAGNOSTIC,    22, -1.255096554756e+00, 1.431815803699e-06, 4.4224e+01, 1.3156e+00, 
 2DIAGNOSTIC,    23, -1.255096793175e+00, 1.375148144689e-06, 4.5392e+01, 1.1674e+00, 
 2DIAGNOSTIC,    24, -1.255096673965e+00, 1.320417254647e-06, 4.6774e+01, 1.3824e+00, 
 2DIAGNOSTIC,    25, -1.255097389221e+00, 1.277047658732e-06, 4.8133e+01, 1.3583e+00, 
 2DIAGNOSTIC,    26, -1.255097031593e+00, 1.232360887116e-06, 4.9537e+01, 1.4041e+00, 
 2DIAGNOSTIC,    27, -1.255097031593e+00, 1.188337932945e-06, 5.0930e+01, 1.3932e+00, 
 2DIAGNOSTIC,    28, -1.255096793175e+00, 1.144625002780e-06, 5.2199e+01, 1.2687e+00, 
 2DIAGNOSTIC,    29, -1.255096793175e+00, 1.102077703763e-06, 5.3480e+01, 1.2816e+00, 
 2DIAGNOSTIC,    30, -1.255096673965e+00, 1.063692025127e-06, 5.4775e+01, 1.2951e+00, 
 2DIAGNOSTIC,    31, -1.255096673965e+00, 1.024887183121e-06, 5.6172e+01, 1.3968e+00, 
  Elapsed time (stage 0): 5.7123e+01


Total elapsed time: 5.7125e+01
Registering MT-off to MP2RAGE
All_Command_lines_OK
Using single precision for computations.
  Reading mask(s).
    Registration stage 0
      Fixed mask = /home/tom29/rds/hpc-work/cbbu_BIDS/sub-10/anat/sub-10_mask_centred.nii.gz
 file NULL does not exist . 
      No moving mask
  number of levels = 4
  fixed image: /home/tom29/rds/hpc-work/cbbu_BIDS/sub-10/anat/sub-10_acq-whole_UNI_MP2RAGE_brain_N4_centred.nii.gz
  moving image: /home/tom29/rds/hpc-work/cbbu_BIDS/sub-10/anat/sub-10_acq-LC_mt-off_MTS_N4_centred.nii.gz
Dimension = 3
Number of stages = 1
Use histogram matching = false
Winsorize image intensities = true
  Lower quantile = 0.005
  Upper quantile = 0.995


Stage 1 State
   Image metric = MattesMI
     Fixed image = Image (0x41e39e0)
  RTTI typeinfo:   itk::Image<float, 3u>
  Reference Count: 2
  Modified Time: 1519
  Debug: Off
  Object Name: 
  Observers: 
    none
  Source: (none)
  Source output name: (none)
  Release Data: Off
  Data Released: False
  Global Release Data: Off
  PipelineMTime: 0
  UpdateMTime: 1128
  RealTimeStamp: 0 seconds 
  LargestPossibleRegion: 
    Dimension: 3
    Index: [0, 0, 0]
    Size: [224, 300, 320]
  BufferedRegion: 
    Dimension: 3
    Index: [0, 0, 0]
    Size: [224, 300, 320]
  RequestedRegion: 
    Dimension: 3
    Index: [0, 0, 0]
    Size: [224, 300, 320]
  Spacing: [0.75, 0.75, 0.75]
  Origin: [80.8657, 119.192, -120.355]
  Direction: 
-0.999837 0.0180487 -0.00059359
-0.0180551 -0.99847 0.0522742
0.000350802 0.0522764 0.998633

  IndexToPointMatrix: 
-0.749878 0.0135365 -0.000445193
-0.0135413 -0.748852 0.0392057
0.000263102 0.0392073 0.748974

  PointToIndexMatrix: 
-1.33312 -0.0240734 0.000467736
0.024065 -1.33129 0.0697019
-0.000791453 0.069699 1.33151

  Inverse Direction: 
-0.999837 -0.0180551 0.000350802
0.0180487 -0.99847 0.0522764
-0.00059359 0.0522742 0.998633

  PixelContainer: 
    ImportImageContainer (0x41d2b40)
      RTTI typeinfo:   itk::ImportImageContainer<unsigned long, float>
      Reference Count: 1
      Modified Time: 1125
      Debug: Off
      Object Name: 
      Observers: 
        none
      Pointer: 0x15483de34010
      Container manages memory: true
      Size: 21504000
      Capacity: 21504000

     Moving image = Image (0x41eea40)
  RTTI typeinfo:   itk::Image<float, 3u>
  Reference Count: 2
  Modified Time: 1520
  Debug: Off
  Object Name: 
  Observers: 
    none
  Source: (none)
  Source output name: (none)
  Release Data: Off
  Data Released: False
  Global Release Data: Off
  PipelineMTime: 0
  UpdateMTime: 1517
  RealTimeStamp: 0 seconds 
  LargestPossibleRegion: 
    Dimension: 3
    Index: [0, 0, 0]
    Size: [448, 448, 112]
  BufferedRegion: 
    Dimension: 3
    Index: [0, 0, 0]
    Size: [448, 448, 112]
  RequestedRegion: 
    Dimension: 3
    Index: [0, 0, 0]
    Size: [448, 448, 112]
  Spacing: [0.428571, 0.428571, 0.5]
  Origin: [93.9786, 115.947, -29.0649]
  Direction: 
-0.999982 0.00321748 0.00508409
-0.00444053 -0.96484 -0.262799
0.00405978 -0.262817 0.964837

  IndexToPointMatrix: 
-0.428564 0.00137892 0.00254204
-0.00190308 -0.413503 -0.1314
0.00173991 -0.112636 0.482419

  PointToIndexMatrix: 
-2.33329 -0.0103612 0.00947282
0.00750746 -2.25129 -0.61324
0.0101682 -0.525598 1.92967

  Inverse Direction: 
-0.999982 -0.00444053 0.00405978
0.00321748 -0.96484 -0.262817
0.00508409 -0.262799 0.964837

  PixelContainer: 
    ImportImageContainer (0x41e6cc0)
      RTTI typeinfo:   itk::ImportImageContainer<unsigned long, float>
      Reference Count: 1
      Modified Time: 1514
      Debug: Off
      Object Name: 
      Observers: 
        none
      Pointer: 0x154838873010
      Container manages memory: true
      Size: 22478848
      Capacity: 22478848

     Weighting = 1
     Sampling strategy = regular
     Number of bins = 32
     Radius = 4
     Sampling percentage  = 0.25
   Transform = Rigid
     Gradient step = 0.1
     Update field sigma (voxel space) = 0
     Total field sigma (voxel space) = 0
     Update field time sigma = 0
     Total field time sigma  = 0
     Number of time indices = 0
     Number of time point samples = 0
Registration using 1 total stages.

Stage 0
  iterations = 1000x500x250x100
  convergence threshold = 1e-06
  convergence window size = 10
  number of levels = 4
  using the Mattes MI metric (number of bins = 32, weight = 1, use gradient filter = 0)
  preprocessing:  winsorizing the image intensities
  Shrink factors (level 1 out of 4): [8, 8, 8]
  Shrink factors (level 2 out of 4): [4, 4, 4]
  Shrink factors (level 3 out of 4): [2, 2, 2]
  Shrink factors (level 4 out of 4): [1, 1, 1]
  smoothing sigmas per level: [3, 2, 1, 0]
  regular sampling (percentage = 0.25)

*** Running Euler3DTransform registration ***

DIAGNOSTIC,Iteration,metricValue,convergenceValue,ITERATION_TIME_INDEX,SINCE_LAST
 2DIAGNOSTIC,     1, -2.167009264231e-01, inf, 5.7614e-01, 5.7614e-01, 
 2DIAGNOSTIC,     2, -2.150737047195e-01, inf, 5.7704e-01, 8.9407e-04, 
 2DIAGNOSTIC,     3, -2.170689105988e-01, inf, 5.7792e-01, 8.8716e-04, 
 2DIAGNOSTIC,     4, -2.179977893829e-01, inf, 5.7889e-01, 9.6917e-04, 
 2DIAGNOSTIC,     5, -2.198398411274e-01, inf, 5.7985e-01, 9.5391e-04, 
 2DIAGNOSTIC,     6, -2.208764106035e-01, inf, 5.8102e-01, 1.1761e-03, 
 2DIAGNOSTIC,     7, -2.209104448557e-01, inf, 5.8231e-01, 1.2860e-03, 
 2DIAGNOSTIC,     8, -2.205407619476e-01, inf, 5.8319e-01, 8.7810e-04, 
 2DIAGNOSTIC,     9, -2.214417308569e-01, inf, 5.8395e-01, 7.6103e-04, 
 2DIAGNOSTIC,    10, -2.217263281345e-01, 1.890453393571e-03, 5.8495e-01, 1.0028e-03, 
 2DIAGNOSTIC,    11, -2.220899760723e-01, 1.631697523408e-03, 5.8598e-01, 1.0290e-03, 
 2DIAGNOSTIC,    12, -2.211367785931e-01, 9.915994014591e-04, 5.8693e-01, 9.4700e-04, 
 2DIAGNOSTIC,    13, -2.217454761267e-01, 6.254222826101e-04, 5.8783e-01, 9.0909e-04, 
 2DIAGNOSTIC,    14, -2.220126688480e-01, 3.586562525015e-04, 5.8888e-01, 1.0428e-03, 
 2DIAGNOSTIC,    15, -2.237366437912e-01, 3.968265955336e-04, 5.9007e-01, 1.1950e-03, 
 2DIAGNOSTIC,    16, -2.264482527971e-01, 6.930605741218e-04, 5.9114e-01, 1.0638e-03, 
 2DIAGNOSTIC,    17, -2.303069084883e-01, 1.182344509289e-03, 5.9222e-01, 1.0860e-03, 
 2DIAGNOSTIC,    18, -2.467593848705e-01, 2.635772805661e-03, 5.9426e-01, 2.0351e-03, 
 2DIAGNOSTIC,    19, -2.457669228315e-01, 3.645043121651e-03, 5.9517e-01, 9.1004e-04, 
 2DIAGNOSTIC,    20, -2.462377697229e-01, 4.269396420568e-03, 5.9607e-01, 9.0408e-04, 
 2DIAGNOSTIC,    21, -2.471610456705e-01, 4.522251896560e-03, 5.9697e-01, 9.0194e-04, 
 2DIAGNOSTIC,    22, -2.482367902994e-01, 4.326695110649e-03, 5.9788e-01, 9.0480e-04, 
 2DIAGNOSTIC,    23, -2.489612400532e-01, 3.805217100307e-03, 5.9877e-01, 8.9288e-04, 
 2DIAGNOSTIC,    24, -2.498516887426e-01, 3.035582602024e-03, 5.9968e-01, 9.0694e-04, 
 2DIAGNOSTIC,    25, -2.512421309948e-01, 2.214044332504e-03, 6.0071e-01, 1.0290e-03, 
 2DIAGNOSTIC,    26, -2.542529106140e-01, 1.526071224362e-03, 6.0193e-01, 1.2240e-03, 
 2DIAGNOSTIC,    27, -2.533866465092e-01, 8.618744323030e-04, 6.0297e-01, 1.0390e-03, 
 2DIAGNOSTIC,    28, -2.502743899822e-01, 7.566983695142e-04, 6.0410e-01, 1.1261e-03, 
 2DIAGNOSTIC,    29, -2.468750923872e-01, 4.085583786946e-04, 6.0511e-01, 1.0118e-03, 
 2DIAGNOSTIC,    30, -2.542752921581e-01, 3.661630908027e-04, 6.0604e-01, 9.2793e-04, 
 2DIAGNOSTIC,    31, -2.532081305981e-01, 2.724519872572e-04, 6.0696e-01, 9.2101e-04, 
 2DIAGNOSTIC,    32, -2.541499435902e-01, 2.392195310676e-04, 6.0811e-01, 1.1539e-03, 
 2DIAGNOSTIC,    33, -2.549397945404e-01, 2.479782269802e-04, 6.0949e-01, 1.3819e-03, 
 2DIAGNOSTIC,    34, -2.544502019882e-01, 2.468303719070e-04, 6.1046e-01, 9.6703e-04, 
 2DIAGNOSTIC,    35, -2.545648217201e-01, 2.666983928066e-04, 6.1151e-01, 1.0519e-03, 
 2DIAGNOSTIC,    36, -2.545939385891e-01, 3.588706895243e-04, 6.1244e-01, 9.3198e-04, 
 2DIAGNOSTIC,    37, -2.546635568142e-01, 3.906703495886e-04, 6.1336e-01, 9.1195e-04, 
 2DIAGNOSTIC,    38, -2.548296749592e-01, 2.958395052701e-04, 6.1437e-01, 1.0099e-03, 
 2DIAGNOSTIC,    39, -2.534693777561e-01, 2.622337524372e-05, 6.1558e-01, 1.2150e-03, 
 2DIAGNOSTIC,    40, -2.554306387901e-01, 5.011551547796e-05, 6.1699e-01, 1.4050e-03, 
DIAGNOSTIC,Iteration,metricValue,convergenceValue,ITERATION_TIME_INDEX,SINCE_LAST
 2DIAGNOSTIC,     1, -5.895306542516e-02, inf, 1.2042e+00, 5.8722e-01, 
 2DIAGNOSTIC,     2, -5.909193307161e-02, inf, 1.2077e+00, 3.4800e-03, 
 2DIAGNOSTIC,     3, -5.929249525070e-02, inf, 1.2115e+00, 3.7680e-03, 
 2DIAGNOSTIC,     4, -5.910453572869e-02, inf, 1.2144e+00, 2.9330e-03, 
 2DIAGNOSTIC,     5, -5.900519341230e-02, inf, 1.2169e+00, 2.5380e-03, 
 2DIAGNOSTIC,     6, -5.898663401604e-02, inf, 1.2200e+00, 3.1180e-03, 
 2DIAGNOSTIC,     7, -5.904734507203e-02, inf, 1.2226e+00, 2.5451e-03, 
 2DIAGNOSTIC,     8, -5.898125842214e-02, inf, 1.2251e+00, 2.4829e-03, 
 2DIAGNOSTIC,     9, -5.915485322475e-02, inf, 1.2280e+00, 2.9390e-03, 
 2DIAGNOSTIC,    10, -5.922128632665e-02, 3.917699723388e-05, 1.2313e+00, 3.2790e-03, 
 2DIAGNOSTIC,    11, -5.911992490292e-02, 2.891014219131e-06, 1.2344e+00, 3.0930e-03, 
 2DIAGNOSTIC,    12, -5.911138653755e-02, 2.336511897738e-05, 1.2370e+00, 2.6388e-03, 
 2DIAGNOSTIC,    13, -5.920555815101e-02, 1.494079187978e-04, 1.2405e+00, 3.4902e-03, 
 2DIAGNOSTIC,    14, -5.923556163907e-02, 1.885164238047e-04, 1.2437e+00, 3.1421e-03, 
 2DIAGNOSTIC,    15, -5.923916399479e-02, 1.743711327435e-04, 1.2464e+00, 2.7342e-03, 
 2DIAGNOSTIC,    16, -5.918728187680e-02, 1.261235011043e-04, 1.2494e+00, 3.0301e-03, 
 2DIAGNOSTIC,    17, -5.923235043883e-02, 1.040886272676e-04, 1.2521e+00, 2.6920e-03, 
 2DIAGNOSTIC,    18, -5.917999893427e-02, 4.094443647773e-05, 1.2551e+00, 3.0260e-03, 
 2DIAGNOSTIC,    19, -5.924702808261e-02, 4.094246469322e-05, 1.2584e+00, 3.2501e-03, 
 2DIAGNOSTIC,    20, -5.921743810177e-02, 4.675886884797e-05, 1.2615e+00, 3.0649e-03, 
 2DIAGNOSTIC,    21, -5.921361967921e-02, 2.451465661579e-05, 1.2645e+00, 3.0761e-03, 
 2DIAGNOSTIC,    22, -5.922029539943e-02, 1.347094439552e-06, 1.2671e+00, 2.5921e-03, 
 2DIAGNOSTIC,    23, -5.923524871469e-02, 2.601144160508e-06, 1.2704e+00, 3.2461e-03, 
 2DIAGNOSTIC,    24, -5.942340195179e-02, 4.705573519459e-05, 1.2730e+00, 2.6519e-03, 
 2DIAGNOSTIC,    25, -5.957575514913e-02, 1.128934818553e-04, 1.2768e+00, 3.8109e-03, 
 2DIAGNOSTIC,    26, -5.981913581491e-02, 1.980022643693e-04, 1.2798e+00, 2.9879e-03, 
 2DIAGNOSTIC,    27, -5.973826721311e-02, 2.517985412851e-04, 1.2831e+00, 3.3112e-03, 
 2DIAGNOSTIC,    28, -5.963585153222e-02, 2.523419389036e-04, 1.2858e+00, 2.6679e-03, 
 2DIAGNOSTIC,    29, -5.958517640829e-02, 2.323427324882e-04, 1.2887e+00, 2.9221e-03, 
 2DIAGNOSTIC,    30, -5.952645093203e-02, 1.769341615727e-04, 1.2914e+00, 2.6450e-03, 
 2DIAGNOSTIC,    31, -5.959169939160e-02, 1.176723453682e-04, 1.2945e+00, 3.1619e-03, 
 2DIAGNOSTIC,    32, -5.950954556465e-02, 4.004063521279e-05, 1.2976e+00, 3.0730e-03, 
DIAGNOSTIC,Iteration,metricValue,convergenceValue,ITERATION_TIME_INDEX,SINCE_LAST
 2DIAGNOSTIC,     1, -2.734480798244e-02, inf, 2.0504e+00, 7.5276e-01, 
 2DIAGNOSTIC,     2, -2.748408541083e-02, inf, 2.0710e+00, 2.0620e-02, 
 2DIAGNOSTIC,     3, -2.780431881547e-02, inf, 2.0933e+00, 2.2286e-02, 
 2DIAGNOSTIC,     4, -2.802842296660e-02, inf, 2.1165e+00, 2.3265e-02, 
 2DIAGNOSTIC,     5, -2.817691117525e-02, inf, 2.1387e+00, 2.2171e-02, 
 2DIAGNOSTIC,     6, -2.822012268007e-02, inf, 2.1598e+00, 2.1080e-02, 
 2DIAGNOSTIC,     7, -2.827699668705e-02, inf, 2.1771e+00, 1.7342e-02, 
 2DIAGNOSTIC,     8, -2.842010743916e-02, inf, 2.1950e+00, 1.7922e-02, 
 2DIAGNOSTIC,     9, -2.862637117505e-02, inf, 2.2123e+00, 1.7268e-02, 
 2DIAGNOSTIC,    10, -2.954339236021e-02, 3.785557346418e-03, 2.2348e+00, 2.2477e-02, 
 2DIAGNOSTIC,    11, -3.306438401341e-02, 6.898201070726e-03, 2.2636e+00, 2.8826e-02, 
 2DIAGNOSTIC,    12, -3.397934511304e-02, 9.569625370204e-03, 2.2941e+00, 3.0519e-02, 
 2DIAGNOSTIC,    13, -3.414106369019e-02, 1.128485426307e-02, 2.3135e+00, 1.9372e-02, 
 2DIAGNOSTIC,    14, -3.512867167592e-02, 1.253821980208e-02, 2.3314e+00, 1.7844e-02, 
 2DIAGNOSTIC,    15, -3.653128445148e-02, 1.337262708694e-02, 2.3516e+00, 2.0278e-02, 
 2DIAGNOSTIC,    16, -3.681075200438e-02, 1.300051435828e-02, 2.3705e+00, 1.8834e-02, 
 2DIAGNOSTIC,    17, -3.702984377742e-02, 1.164587680250e-02, 2.3881e+00, 1.7655e-02, 
 2DIAGNOSTIC,    18, -3.704584389925e-02, 9.520411491394e-03, 2.4140e+00, 2.5920e-02, 
 2DIAGNOSTIC,    19, -3.707138448954e-02, 6.898640189320e-03, 2.4347e+00, 2.0635e-02, 
 2DIAGNOSTIC,    20, -3.710716962814e-02, 4.318126011640e-03, 2.4521e+00, 1.7373e-02, 
 2DIAGNOSTIC,    21, -3.713575005531e-02, 3.103433176875e-03, 2.4711e+00, 1.9094e-02, 
 2DIAGNOSTIC,    22, -3.716275468469e-02, 2.112375572324e-03, 2.4921e+00, 2.0945e-02, 
 2DIAGNOSTIC,    23, -3.718217834830e-02, 1.088627032004e-03, 2.5129e+00, 2.0852e-02, 
 2DIAGNOSTIC,    24, -3.718751668930e-02, 4.058756167069e-04, 2.5356e+00, 2.2624e-02, 
 2DIAGNOSTIC,    25, -3.720636665821e-02, 2.342680672882e-04, 2.5546e+00, 1.9047e-02, 
 2DIAGNOSTIC,    26, -3.720743581653e-02, 1.459060731577e-04, 2.5812e+00, 2.6546e-02, 
 2DIAGNOSTIC,    27, -3.723523765802e-02, 1.292723463848e-04, 2.6050e+00, 2.3847e-02, 
 2DIAGNOSTIC,    28, -3.723339736462e-02, 1.060043869074e-04, 2.6282e+00, 2.3177e-02, 
 2DIAGNOSTIC,    29, -3.722947090864e-02, 8.094311488094e-05, 2.6513e+00, 2.3081e-02, 
 2DIAGNOSTIC,    30, -3.722168505192e-02, 5.808618152514e-05, 2.6693e+00, 1.7993e-02, 
 2DIAGNOSTIC,    31, -3.721998259425e-02, 3.862749144901e-05, 2.6898e+00, 2.0501e-02, 
 2DIAGNOSTIC,    32, -3.722071647644e-02, 2.401847450528e-05, 2.7107e+00, 2.0953e-02, 
 2DIAGNOSTIC,    33, -3.722155094147e-02, 1.329936731054e-05, 2.7277e+00, 1.7001e-02, 
 2DIAGNOSTIC,    34, -3.722277283669e-02, 3.711083536473e-06, 2.7512e+00, 2.3474e-02, 
DIAGNOSTIC,Iteration,metricValue,convergenceValue,ITERATION_TIME_INDEX,SINCE_LAST
 2DIAGNOSTIC,     1, -2.781961299479e-02, inf, 4.2066e+00, 1.4555e+00, 
 2DIAGNOSTIC,     2, -2.843017317355e-02, inf, 4.3336e+00, 1.2691e-01, 
 2DIAGNOSTIC,     3, -2.924641966820e-02, inf, 4.4821e+00, 1.4852e-01, 
 2DIAGNOSTIC,     4, -2.931665442884e-02, inf, 4.6006e+00, 1.1851e-01, 
 2DIAGNOSTIC,     5, -2.933836728334e-02, inf, 4.7237e+00, 1.2308e-01, 
 2DIAGNOSTIC,     6, -2.944574877620e-02, inf, 4.8913e+00, 1.6766e-01, 
 2DIAGNOSTIC,     7, -2.954152412713e-02, inf, 5.0190e+00, 1.2765e-01, 
 2DIAGNOSTIC,     8, -2.962051331997e-02, inf, 5.1689e+00, 1.4997e-01, 
 2DIAGNOSTIC,     9, -2.974395081401e-02, inf, 5.3107e+00, 1.4175e-01, 
 2DIAGNOSTIC,    10, -2.982648834586e-02, 3.444781294093e-03, 5.4524e+00, 1.4171e-01, 
 2DIAGNOSTIC,    11, -3.038338944316e-02, 2.563513582572e-03, 5.5952e+00, 1.4282e-01, 
 2DIAGNOSTIC,    12, -3.104046545923e-02, 2.590348944068e-03, 5.7795e+00, 1.8428e-01, 
 2DIAGNOSTIC,    13, -3.115043975413e-02, 3.053874243051e-03, 5.9429e+00, 1.6343e-01, 
 2DIAGNOSTIC,    14, -3.137818723917e-02, 3.382713301107e-03, 6.0686e+00, 1.2565e-01, 
 2DIAGNOSTIC,    15, -3.145674243569e-02, 3.421627217904e-03, 6.1902e+00, 1.2158e-01, 
 2DIAGNOSTIC,    16, -3.157002478838e-02, 3.267283784226e-03, 6.3790e+00, 1.8888e-01, 
 2DIAGNOSTIC,    17, -3.170089051127e-02, 2.951237140223e-03, 6.5076e+00, 1.2854e-01, 
 2DIAGNOSTIC,    18, -3.173578530550e-02, 2.460095100105e-03, 6.6329e+00, 1.2532e-01, 
 2DIAGNOSTIC,    19, -3.178168833256e-02, 1.886073849164e-03, 6.7719e+00, 1.3901e-01, 
 2DIAGNOSTIC,    20, -3.193211928010e-02, 1.302883261815e-03, 6.9147e+00, 1.4281e-01, 
 2DIAGNOSTIC,    21, -3.205211088061e-02, 9.495299309492e-04, 7.0603e+00, 1.4555e-01, 
 2DIAGNOSTIC,    22, -3.207751736045e-02, 8.297250024043e-04, 7.2214e+00, 1.6110e-01, 
 2DIAGNOSTIC,    23, -3.208912536502e-02, 6.919746519998e-04, 7.3646e+00, 1.4324e-01, 
 2DIAGNOSTIC,    24, -3.209195658565e-02, 5.915080546401e-04, 7.4991e+00, 1.3450e-01, 
 2DIAGNOSTIC,    25, -3.209448978305e-02, 4.727893101517e-04, 7.6406e+00, 1.4155e-01, 
 2DIAGNOSTIC,    26, -3.209797665477e-02, 3.590608539525e-04, 7.8084e+00, 1.6776e-01, 
 2DIAGNOSTIC,    27, -3.210058808327e-02, 2.664813073352e-04, 7.9509e+00, 1.4245e-01, 
 2DIAGNOSTIC,    28, -3.209922090173e-02, 1.675582898315e-04, 8.0735e+00, 1.2261e-01, 
 2DIAGNOSTIC,    29, -3.210124373436e-02, 7.448242831742e-05, 8.2242e+00, 1.5075e-01, 
 2DIAGNOSTIC,    30, -3.210182487965e-02, 2.627261892485e-05, 8.3608e+00, 1.3658e-01, 
 2DIAGNOSTIC,    31, -3.210291638970e-02, 1.458772476326e-05, 8.5032e+00, 1.4234e-01, 
 2DIAGNOSTIC,    32, -3.210247308016e-02, 9.448400305700e-06, 8.6445e+00, 1.4139e-01, 
 2DIAGNOSTIC,    33, -3.210694715381e-02, 8.311766578117e-06, 8.8052e+00, 1.6061e-01, 
 2DIAGNOSTIC,    34, -3.210667520761e-02, 7.203279437817e-06, 8.9362e+00, 1.3104e-01, 
 2DIAGNOSTIC,    35, -3.210685402155e-02, 6.261631369853e-06, 9.1344e+00, 1.9820e-01, 
 2DIAGNOSTIC,    36, -3.210693225265e-02, 5.769677954959e-06, 9.2654e+00, 1.3103e-01, 
 2DIAGNOSTIC,    37, -3.210690245032e-02, 5.493663593370e-06, 9.4116e+00, 1.4622e-01, 
 2DIAGNOSTIC,    38, -3.210678696632e-02, 4.414043360157e-06, 9.5500e+00, 1.3837e-01, 
 2DIAGNOSTIC,    39, -3.210665658116e-02, 3.490848712318e-06, 9.6928e+00, 1.4279e-01, 
 2DIAGNOSTIC,    40, -3.210756927729e-02, 2.710723720156e-06, 9.8380e+00, 1.4521e-01, 
 2DIAGNOSTIC,    41, -3.210796415806e-02, 2.125963874278e-06, 9.9780e+00, 1.4004e-01, 
 2DIAGNOSTIC,    42, -3.210790827870e-02, 1.306723333983e-06, 1.0117e+01, 1.3878e-01, 
 2DIAGNOSTIC,    43, -3.210849687457e-02, 1.553509719088e-06, 1.0238e+01, 1.2166e-01, 
 2DIAGNOSTIC,    44, -3.210851177573e-02, 1.656457357058e-06, 1.0367e+01, 1.2894e-01, 
 2DIAGNOSTIC,    45, -3.210829570889e-02, 1.656721792642e-06, 1.0485e+01, 1.1749e-01, 
 2DIAGNOSTIC,    46, -3.210865706205e-02, 1.655222718000e-06, 1.0619e+01, 1.3399e-01, 
 2DIAGNOSTIC,    47, -3.210840746760e-02, 1.509554635959e-06, 1.0751e+01, 1.3201e-01, 
  Elapsed time (stage 0): 1.1049e+01


Total elapsed time: 1.1050e+01
Transforming MT-off to MNI
Transforming MT-on to MNI
