Loading spm/spm12
  Loading requirement: matlab/r2019a
Non-commercial use only - see $FSLDIR/LICENSE
N4 bias corrrection
Centring images
MATLAB is selecting SOFTWARE OPENGL rendering.

Written new image at:
	/home/tom29/rds/hpc-work/cbbu_BIDS/sub-21/anat/sub-21_acq-LC_mt-on_MTS_N4_centred.nii

MATLAB is selecting SOFTWARE OPENGL rendering.

Written new image at:
	/home/tom29/rds/hpc-work/cbbu_BIDS/sub-21/anat/sub-21_acq-LC_mt-off_MTS_N4_centred.nii

Registering MT-on to MT-off
All_Command_lines_OK
Using single precision for computations.
  number of levels = 4
  fixed image: /home/tom29/rds/hpc-work/cbbu_BIDS/sub-21/anat/sub-21_acq-LC_mt-off_MTS_N4_centred.nii.gz
  moving image: /home/tom29/rds/hpc-work/cbbu_BIDS/sub-21/anat/sub-21_acq-LC_mt-on_MTS_N4_centred.nii.gz
Dimension = 3
Number of stages = 1
Use histogram matching = false
Winsorize image intensities = true
  Lower quantile = 0.005
  Upper quantile = 0.995


Stage 1 State
   Image metric = MattesMI
     Fixed image = Image (0x37503c0)
  RTTI typeinfo:   itk::Image<float, 3u>
  Reference Count: 2
  Modified Time: 1076
  Debug: Off
  Object Name: 
  Observers: 
    none
  Source: (none)
  Source output name: (none)
  Release Data: Off
  Data Released: False
  Global Release Data: Off
  PipelineMTime: 0
  UpdateMTime: 685
  RealTimeStamp: 0 seconds 
  LargestPossibleRegion: 
    Dimension: 3
    Index: [0, 0, 0]
    Size: [448, 448, 112]
  BufferedRegion: 
    Dimension: 3
    Index: [0, 0, 0]
    Size: [448, 448, 112]
  RequestedRegion: 
    Dimension: 3
    Index: [0, 0, 0]
    Size: [448, 448, 112]
  Spacing: [0.428571, 0.428571, 0.5]
  Origin: [93.9852, 121.911, -8.06262]
  Direction: 
-0.999726 -0.00558479 0.0227283
-0.00481343 -0.90129 -0.433189
0.0229041 -0.433179 0.901017

  IndexToPointMatrix: 
-0.428454 -0.00239348 0.0113641
-0.0020629 -0.386267 -0.216594
0.00981602 -0.185648 0.450508

  PointToIndexMatrix: 
-2.33269 -0.0112313 0.0534428
-0.0130312 -2.10301 -1.01075
0.0454566 -0.866377 1.80203

  Inverse Direction: 
-0.999726 -0.00481343 0.0229041
-0.00558479 -0.90129 -0.433179
0.0227283 -0.433189 0.901017

  PixelContainer: 
    ImportImageContainer (0x373c890)
      RTTI typeinfo:   itk::ImportImageContainer<unsigned long, float>
      Reference Count: 1
      Modified Time: 682
      Debug: Off
      Object Name: 
      Observers: 
        none
      Pointer: 0x149dfcdf2010
      Container manages memory: true
      Size: 22478848
      Capacity: 22478848

     Moving image = Image (0x3753b60)
  RTTI typeinfo:   itk::Image<float, 3u>
  Reference Count: 2
  Modified Time: 1077
  Debug: Off
  Object Name: 
  Observers: 
    none
  Source: (none)
  Source output name: (none)
  Release Data: Off
  Data Released: False
  Global Release Data: Off
  PipelineMTime: 0
  UpdateMTime: 1074
  RealTimeStamp: 0 seconds 
  LargestPossibleRegion: 
    Dimension: 3
    Index: [0, 0, 0]
    Size: [448, 448, 112]
  BufferedRegion: 
    Dimension: 3
    Index: [0, 0, 0]
    Size: [448, 448, 112]
  RequestedRegion: 
    Dimension: 3
    Index: [0, 0, 0]
    Size: [448, 448, 112]
  Spacing: [0.428571, 0.428571, 0.5]
  Origin: [93.9852, 121.911, -8.06262]
  Direction: 
-0.999726 -0.00558479 0.0227283
-0.00481343 -0.90129 -0.433189
0.0229041 -0.433179 0.901017

  IndexToPointMatrix: 
-0.428454 -0.00239348 0.0113641
-0.0020629 -0.386267 -0.216594
0.00981602 -0.185648 0.450508

  PointToIndexMatrix: 
-2.33269 -0.0112313 0.0534428
-0.0130312 -2.10301 -1.01075
0.0454566 -0.866377 1.80203

  Inverse Direction: 
-0.999726 -0.00481343 0.0229041
-0.00558479 -0.90129 -0.433179
0.0227283 -0.433189 0.901017

  PixelContainer: 
    ImportImageContainer (0x3753b00)
      RTTI typeinfo:   itk::ImportImageContainer<unsigned long, float>
      Reference Count: 1
      Modified Time: 1071
      Debug: Off
      Object Name: 
      Observers: 
        none
      Pointer: 0x149df7831010
      Container manages memory: true
      Size: 22478848
      Capacity: 22478848

     Weighting = 1
     Sampling strategy = regular
     Number of bins = 32
     Radius = 4
     Sampling percentage  = 0.25
   Transform = Rigid
     Gradient step = 0.1
     Update field sigma (voxel space) = 0
     Total field sigma (voxel space) = 0
     Update field time sigma = 0
     Total field time sigma  = 0
     Number of time indices = 0
     Number of time point samples = 0
Registration using 1 total stages.

Stage 0
  iterations = 1000x500x250x100
  convergence threshold = 1e-06
  convergence window size = 10
  number of levels = 4
  using the Mattes MI metric (number of bins = 32, weight = 1, use gradient filter = 0)
  preprocessing:  winsorizing the image intensities
  Shrink factors (level 1 out of 4): [8, 8, 7]
  Shrink factors (level 2 out of 4): [4, 4, 3]
  Shrink factors (level 3 out of 4): [2, 2, 2]
  Shrink factors (level 4 out of 4): [1, 1, 1]
  smoothing sigmas per level: [3, 2, 1, 0]
  regular sampling (percentage = 0.25)

*** Running Euler3DTransform registration ***

DIAGNOSTIC,Iteration,metricValue,convergenceValue,ITERATION_TIME_INDEX,SINCE_LAST
 2DIAGNOSTIC,     1, -1.389295220375e+00, inf, 6.5404e-01, 6.5404e-01, 
 2DIAGNOSTIC,     2, -1.417499780655e+00, inf, 6.5744e-01, 3.4070e-03, 
 2DIAGNOSTIC,     3, -1.428936719894e+00, inf, 6.6081e-01, 3.3631e-03, 
 2DIAGNOSTIC,     4, -1.429884672165e+00, inf, 6.6412e-01, 3.3131e-03, 
 2DIAGNOSTIC,     5, -1.431105613708e+00, inf, 6.6740e-01, 3.2799e-03, 
 2DIAGNOSTIC,     6, -1.432673454285e+00, inf, 6.7117e-01, 3.7689e-03, 
 2DIAGNOSTIC,     7, -1.432990431786e+00, inf, 6.7555e-01, 4.3790e-03, 
 2DIAGNOSTIC,     8, -1.432905316353e+00, inf, 6.7865e-01, 3.1049e-03, 
 2DIAGNOSTIC,     9, -1.433066964149e+00, inf, 6.8187e-01, 3.2198e-03, 
 2DIAGNOSTIC,    10, -1.433360099792e+00, 1.241904450580e-03, 6.8724e-01, 5.3711e-03, 
 2DIAGNOSTIC,    11, -1.433481454849e+00, 4.188967286609e-04, 6.9124e-01, 3.9911e-03, 
 2DIAGNOSTIC,    12, -1.433522820473e+00, 1.599730458111e-04, 6.9492e-01, 3.6819e-03, 
 2DIAGNOSTIC,    13, -1.433585882187e+00, 1.031936626532e-04, 6.9884e-01, 3.9201e-03, 
 2DIAGNOSTIC,    14, -1.433595538139e+00, 5.882359982934e-05, 7.0222e-01, 3.3801e-03, 
 2DIAGNOSTIC,    15, -1.433627843857e+00, 3.122212729068e-05, 7.0543e-01, 3.2170e-03, 
 2DIAGNOSTIC,    16, -1.433635234833e+00, 2.386499545537e-05, 7.0916e-01, 3.7260e-03, 
 2DIAGNOSTIC,    17, -1.433635473251e+00, 1.916859582707e-05, 7.1340e-01, 4.2369e-03, 
 2DIAGNOSTIC,    18, -1.433636188507e+00, 1.246868578164e-05, 7.1718e-01, 3.7842e-03, 
 2DIAGNOSTIC,    19, -1.433636665344e+00, 7.111224022083e-06, 7.2138e-01, 4.1981e-03, 
 2DIAGNOSTIC,    20, -1.433636903763e+00, 4.676324806496e-06, 7.2499e-01, 3.6111e-03, 
 2DIAGNOSTIC,    21, -1.433636188507e+00, 3.323789314891e-06, 7.2930e-01, 4.3130e-03, 
 2DIAGNOSTIC,    22, -1.433635473251e+00, 2.282591822222e-06, 7.3301e-01, 3.7041e-03, 
 2DIAGNOSTIC,    23, -1.433635592461e+00, 1.802029373721e-06, 7.3645e-01, 3.4461e-03, 
 2DIAGNOSTIC,    24, -1.433635711670e+00, 1.396353127348e-06, 7.4013e-01, 3.6800e-03, 
 2DIAGNOSTIC,    25, -1.433635711670e+00, 1.271822611670e-06, 7.4427e-01, 4.1330e-03, 
 2DIAGNOSTIC,    26, -1.433635711670e+00, 1.213868699779e-06, 7.4795e-01, 3.6800e-03, 
 2DIAGNOSTIC,    27, -1.433635354042e+00, 1.160514216281e-06, 7.5173e-01, 3.7799e-03, 
 2DIAGNOSTIC,    28, -1.433635354042e+00, 1.117844931287e-06, 7.5585e-01, 4.1242e-03, 
 2DIAGNOSTIC,    29, -1.433636426926e+00, 1.090426053452e-06, 7.5977e-01, 3.9170e-03, 
 2DIAGNOSTIC,    30, -1.433636546135e+00, 1.067851485459e-06, 7.6341e-01, 3.6440e-03, 
 2DIAGNOSTIC,    31, -1.433636307716e+00, 1.040313009071e-06, 7.6711e-01, 3.6950e-03, 
 2DIAGNOSTIC,    32, -1.433636188507e+00, 1.008325511975e-06, 7.7084e-01, 3.7372e-03, 
DIAGNOSTIC,Iteration,metricValue,convergenceValue,ITERATION_TIME_INDEX,SINCE_LAST
 2DIAGNOSTIC,     1, -1.356655359268e+00, inf, 1.5092e+00, 7.3837e-01, 
 2DIAGNOSTIC,     2, -1.358438014984e+00, inf, 1.5539e+00, 4.4677e-02, 
 2DIAGNOSTIC,     3, -1.359609723091e+00, inf, 1.5982e+00, 4.4266e-02, 
 2DIAGNOSTIC,     4, -1.359822511673e+00, inf, 1.6446e+00, 4.6467e-02, 
 2DIAGNOSTIC,     5, -1.360061407089e+00, inf, 1.6932e+00, 4.8586e-02, 
 2DIAGNOSTIC,     6, -1.360351443291e+00, inf, 1.7428e+00, 4.9619e-02, 
 2DIAGNOSTIC,     7, -1.360407710075e+00, inf, 1.7975e+00, 5.4674e-02, 
 2DIAGNOSTIC,     8, -1.360398411751e+00, inf, 1.8372e+00, 3.9715e-02, 
 2DIAGNOSTIC,     9, -1.360407471657e+00, inf, 1.8803e+00, 4.3095e-02, 
 2DIAGNOSTIC,    10, -1.360422611237e+00, 1.361789618386e-04, 1.9250e+00, 4.4678e-02, 
 2DIAGNOSTIC,    11, -1.360422134399e+00, 6.505911005661e-05, 1.9673e+00, 4.2273e-02, 
 2DIAGNOSTIC,    12, -1.360427379608e+00, 3.086359720328e-05, 2.0144e+00, 4.7151e-02, 
 2DIAGNOSTIC,    13, -1.360429525375e+00, 1.828064705478e-05, 2.0615e+00, 4.7127e-02, 
 2DIAGNOSTIC,    14, -1.360432505608e+00, 9.239978680853e-06, 2.1097e+00, 4.8144e-02, 
 2DIAGNOSTIC,    15, -1.360433578491e+00, 4.000389708381e-06, 2.1605e+00, 5.0795e-02, 
 2DIAGNOSTIC,    16, -1.360434651375e+00, 3.025068053830e-06, 2.2036e+00, 4.3135e-02, 
 2DIAGNOSTIC,    17, -1.360435724258e+00, 2.780883733067e-06, 2.2512e+00, 4.7609e-02, 
 2DIAGNOSTIC,    18, -1.360435605049e+00, 2.368752575421e-06, 2.2985e+00, 4.7259e-02, 
 2DIAGNOSTIC,    19, -1.360436320305e+00, 2.047628640867e-06, 2.3481e+00, 4.9600e-02, 
 2DIAGNOSTIC,    20, -1.360436797142e+00, 1.887918074317e-06, 2.3927e+00, 4.4624e-02, 
 2DIAGNOSTIC,    21, -1.360442399979e+00, 1.765678121046e-06, 2.4459e+00, 5.3179e-02, 
 2DIAGNOSTIC,    22, -1.360442876816e+00, 1.683875780145e-06, 2.4952e+00, 4.9276e-02, 
 2DIAGNOSTIC,    23, -1.360442638397e+00, 1.604305452929e-06, 2.5496e+00, 5.4422e-02, 
 2DIAGNOSTIC,    24, -1.360443234444e+00, 1.542581571812e-06, 2.6016e+00, 5.2029e-02, 
 2DIAGNOSTIC,    25, -1.360443472862e+00, 1.475861836298e-06, 2.6462e+00, 4.4614e-02, 
 2DIAGNOSTIC,    26, -1.360443592072e+00, 1.403766191288e-06, 2.7016e+00, 5.5390e-02, 
 2DIAGNOSTIC,    27, -1.360443711281e+00, 1.329286419605e-06, 2.7509e+00, 4.9285e-02, 
 2DIAGNOSTIC,    28, -1.360443353653e+00, 1.242923644895e-06, 2.7941e+00, 4.3161e-02, 
 2DIAGNOSTIC,    29, -1.360442996025e+00, 1.155495851890e-06, 2.8335e+00, 3.9419e-02, 
 2DIAGNOSTIC,    30, -1.360443234444e+00, 1.072261170521e-06, 2.8839e+00, 5.0427e-02, 
 2DIAGNOSTIC,    31, -1.360443353653e+00, 1.031673036778e-06, 2.9346e+00, 5.0673e-02, 
DIAGNOSTIC,Iteration,metricValue,convergenceValue,ITERATION_TIME_INDEX,SINCE_LAST
 2DIAGNOSTIC,     1, -1.270273923874e+00, inf, 4.0000e+00, 1.0654e+00, 
 2DIAGNOSTIC,     2, -1.273799419403e+00, inf, 4.2018e+00, 2.0175e-01, 
 2DIAGNOSTIC,     3, -1.274403929710e+00, inf, 4.3720e+00, 1.7023e-01, 
 2DIAGNOSTIC,     4, -1.274509549141e+00, inf, 4.5657e+00, 1.9376e-01, 
 2DIAGNOSTIC,     5, -1.274571299553e+00, inf, 4.7669e+00, 2.0119e-01, 
 2DIAGNOSTIC,     6, -1.274614930153e+00, inf, 4.9678e+00, 2.0082e-01, 
 2DIAGNOSTIC,     7, -1.274641752243e+00, inf, 5.1499e+00, 1.8217e-01, 
 2DIAGNOSTIC,     8, -1.274718284607e+00, inf, 5.3263e+00, 1.7636e-01, 
 2DIAGNOSTIC,     9, -1.274746537209e+00, inf, 5.5019e+00, 1.7561e-01, 
 2DIAGNOSTIC,    10, -1.274816155434e+00, 1.294203393627e-04, 5.7914e+00, 2.8954e-01, 
 2DIAGNOSTIC,    11, -1.274842262268e+00, 3.619680501288e-05, 5.9887e+00, 1.9723e-01, 
 2DIAGNOSTIC,    12, -1.274862170219e+00, 2.114411654475e-05, 6.1916e+00, 2.0290e-01, 
 2DIAGNOSTIC,    13, -1.274871706963e+00, 1.723603054415e-05, 6.3926e+00, 2.0100e-01, 
 2DIAGNOSTIC,    14, -1.274869680405e+00, 1.417069051968e-05, 6.6612e+00, 2.6863e-01, 
 2DIAGNOSTIC,    15, -1.274869084358e+00, 1.132898705691e-05, 6.8599e+00, 1.9869e-01, 
 2DIAGNOSTIC,    16, -1.274868488312e+00, 8.597943633504e-06, 7.0580e+00, 1.9807e-01, 
 2DIAGNOSTIC,    17, -1.274868488312e+00, 5.915848305449e-06, 7.2510e+00, 1.9309e-01, 
 2DIAGNOSTIC,    18, -1.274867296219e+00, 4.094295491086e-06, 7.4426e+00, 1.9155e-01, 
 2DIAGNOSTIC,    19, -1.274867296219e+00, 2.564924216131e-06, 7.6495e+00, 2.0690e-01, 
 2DIAGNOSTIC,    20, -1.274867177010e+00, 1.876854639704e-06, 7.8736e+00, 2.2413e-01, 
 2DIAGNOSTIC,    21, -1.274866938591e+00, 1.497163680142e-06, 8.0707e+00, 1.9709e-01, 
 2DIAGNOSTIC,    22, -1.274867296219e+00, 1.356099801342e-06, 8.2655e+00, 1.9480e-01, 
 2DIAGNOSTIC,    23, -1.274865746498e+00, 1.313630264121e-06, 8.4618e+00, 1.9633e-01, 
 2DIAGNOSTIC,    24, -1.274865746498e+00, 1.262965042770e-06, 8.6694e+00, 2.0754e-01, 
 2DIAGNOSTIC,    25, -1.274865627289e+00, 1.215759652951e-06, 8.8712e+00, 2.0182e-01, 
 2DIAGNOSTIC,    26, -1.274866223335e+00, 1.177257445306e-06, 9.0419e+00, 1.7069e-01, 
 2DIAGNOSTIC,    27, -1.274866700172e+00, 1.150043317466e-06, 9.2443e+00, 2.0242e-01, 
 2DIAGNOSTIC,    28, -1.274866938591e+00, 1.119941771321e-06, 9.4515e+00, 2.0722e-01, 
 2DIAGNOSTIC,    29, -1.274864673615e+00, 1.076211788131e-06, 9.6558e+00, 2.0423e-01, 
 2DIAGNOSTIC,    30, -1.274864435196e+00, 1.035170271280e-06, 9.8272e+00, 1.7145e-01, 
 2DIAGNOSTIC,    31, -1.274864912033e+00, 1.000483962343e-06, 1.0024e+01, 1.9667e-01, 
DIAGNOSTIC,Iteration,metricValue,convergenceValue,ITERATION_TIME_INDEX,SINCE_LAST
 2DIAGNOSTIC,     1, -1.150219321251e+00, inf, 1.3032e+01, 3.0082e+00, 
 2DIAGNOSTIC,     2, -1.152300119400e+00, inf, 1.4052e+01, 1.0199e+00, 
 2DIAGNOSTIC,     3, -1.152676105499e+00, inf, 1.5076e+01, 1.0237e+00, 
 2DIAGNOSTIC,     4, -1.152738571167e+00, inf, 1.6352e+01, 1.2767e+00, 
 2DIAGNOSTIC,     5, -1.152796149254e+00, inf, 1.7516e+01, 1.1633e+00, 
 2DIAGNOSTIC,     6, -1.152834057808e+00, inf, 1.8830e+01, 1.3146e+00, 
 2DIAGNOSTIC,     7, -1.152833819389e+00, inf, 2.0135e+01, 1.3052e+00, 
 2DIAGNOSTIC,     8, -1.152833580971e+00, inf, 2.1296e+01, 1.1608e+00, 
 2DIAGNOSTIC,     9, -1.152834534645e+00, inf, 2.2596e+01, 1.3000e+00, 
 2DIAGNOSTIC,    10, -1.152832865715e+00, 8.312334830407e-05, 2.3772e+01, 1.1759e+00, 
 2DIAGNOSTIC,    11, -1.152832508087e+00, 1.979905573535e-05, 2.4931e+01, 1.1590e+00, 
 2DIAGNOSTIC,    12, -1.152833580971e+00, 8.107344001473e-06, 2.6092e+01, 1.1610e+00, 
 2DIAGNOSTIC,    13, -1.152832627296e+00, 4.825677478948e-06, 2.7226e+01, 1.1339e+00, 
 2DIAGNOSTIC,    14, -1.152833223343e+00, 2.886977654271e-06, 2.8798e+01, 1.5715e+00, 
 2DIAGNOSTIC,    15, -1.152832388878e+00, 2.065791022687e-06, 2.9941e+01, 1.1433e+00, 
 2DIAGNOSTIC,    16, -1.152832150459e+00, 1.933548674060e-06, 3.1230e+01, 1.2894e+00, 
 2DIAGNOSTIC,    17, -1.152832031250e+00, 1.816512167352e-06, 3.2524e+01, 1.2938e+00, 
 2DIAGNOSTIC,    18, -1.152832150459e+00, 1.715153416626e-06, 3.3811e+01, 1.2869e+00, 
 2DIAGNOSTIC,    19, -1.152831912041e+00, 1.639235620132e-06, 3.4957e+01, 1.1463e+00, 
 2DIAGNOSTIC,    20, -1.152831792831e+00, 1.552468575028e-06, 3.6150e+01, 1.1923e+00, 
 2DIAGNOSTIC,    21, -1.152831554413e+00, 1.470268784942e-06, 3.7301e+01, 1.1514e+00, 
 2DIAGNOSTIC,    22, -1.152830958366e+00, 1.405339844496e-06, 3.8473e+01, 1.1717e+00, 
 2DIAGNOSTIC,    23, -1.152830958366e+00, 1.339438881587e-06, 3.9624e+01, 1.1508e+00, 
 2DIAGNOSTIC,    24, -1.152830958366e+00, 1.289381543756e-06, 4.0759e+01, 1.1351e+00, 
 2DIAGNOSTIC,    25, -1.152830958366e+00, 1.238512254531e-06, 4.1918e+01, 1.1592e+00, 
 2DIAGNOSTIC,    26, -1.152830958366e+00, 1.192569470732e-06, 4.3082e+01, 1.1640e+00, 
 2DIAGNOSTIC,    27, -1.152830839157e+00, 1.150800358118e-06, 4.4243e+01, 1.1613e+00, 
 2DIAGNOSTIC,    28, -1.152830839157e+00, 1.115719101108e-06, 4.5407e+01, 1.1641e+00, 
 2DIAGNOSTIC,    29, -1.152830958366e+00, 1.083886900233e-06, 4.6562e+01, 1.1542e+00, 
 2DIAGNOSTIC,    30, -1.152830958366e+00, 1.054390850186e-06, 4.7728e+01, 1.1663e+00, 
 2DIAGNOSTIC,    31, -1.152830958366e+00, 1.025624783324e-06, 4.8902e+01, 1.1744e+00, 
  Elapsed time (stage 0): 4.9689e+01


Total elapsed time: 4.9692e+01
Registering MT-off to MP2RAGE
All_Command_lines_OK
Using single precision for computations.
  Reading mask(s).
    Registration stage 0
      Fixed mask = /home/tom29/rds/hpc-work/cbbu_BIDS/sub-21/anat/sub-21_mask_centred.nii.gz
 file NULL does not exist . 
      No moving mask
  number of levels = 4
  fixed image: /home/tom29/rds/hpc-work/cbbu_BIDS/sub-21/anat/sub-21_acq-whole_UNI_MP2RAGE_brain_N4_centred.nii.gz
  moving image: /home/tom29/rds/hpc-work/cbbu_BIDS/sub-21/anat/sub-21_acq-LC_mt-off_MTS_N4_centred.nii.gz
Dimension = 3
Number of stages = 1
Use histogram matching = false
Winsorize image intensities = true
  Lower quantile = 0.005
  Upper quantile = 0.995


Stage 1 State
   Image metric = MattesMI
     Fixed image = Image (0x411b9e0)
  RTTI typeinfo:   itk::Image<float, 3u>
  Reference Count: 2
  Modified Time: 1519
  Debug: Off
  Object Name: 
  Observers: 
    none
  Source: (none)
  Source output name: (none)
  Release Data: Off
  Data Released: False
  Global Release Data: Off
  PipelineMTime: 0
  UpdateMTime: 1128
  RealTimeStamp: 0 seconds 
  LargestPossibleRegion: 
    Dimension: 3
    Index: [0, 0, 0]
    Size: [224, 300, 320]
  BufferedRegion: 
    Dimension: 3
    Index: [0, 0, 0]
    Size: [224, 300, 320]
  RequestedRegion: 
    Dimension: 3
    Index: [0, 0, 0]
    Size: [224, 300, 320]
  Spacing: [0.75, 0.75, 0.75]
  Origin: [78.8153, 148.065, -83.494]
  Direction: 
-0.999633 0.017021 0.021087
-0.0231513 -0.940838 -0.338065
0.0140853 -0.338429 0.940887

  IndexToPointMatrix: 
-0.749724 0.0127657 0.0158153
-0.0173635 -0.705628 -0.253549
0.010564 -0.253822 0.705665

  PointToIndexMatrix: 
-1.33284 -0.0308684 0.0187804
0.0226946 -1.25445 -0.451239
0.028116 -0.450753 1.25452

  Inverse Direction: 
-0.999633 -0.0231513 0.0140853
0.017021 -0.940838 -0.338429
0.021087 -0.338065 0.940887

  PixelContainer: 
    ImportImageContainer (0x410ab40)
      RTTI typeinfo:   itk::ImportImageContainer<unsigned long, float>
      Reference Count: 1
      Modified Time: 1125
      Debug: Off
      Object Name: 
      Observers: 
        none
      Pointer: 0x14da14f24010
      Container manages memory: true
      Size: 21504000
      Capacity: 21504000

     Moving image = Image (0x4126a40)
  RTTI typeinfo:   itk::Image<float, 3u>
  Reference Count: 2
  Modified Time: 1520
  Debug: Off
  Object Name: 
  Observers: 
    none
  Source: (none)
  Source output name: (none)
  Release Data: Off
  Data Released: False
  Global Release Data: Off
  PipelineMTime: 0
  UpdateMTime: 1517
  RealTimeStamp: 0 seconds 
  LargestPossibleRegion: 
    Dimension: 3
    Index: [0, 0, 0]
    Size: [448, 448, 112]
  BufferedRegion: 
    Dimension: 3
    Index: [0, 0, 0]
    Size: [448, 448, 112]
  RequestedRegion: 
    Dimension: 3
    Index: [0, 0, 0]
    Size: [448, 448, 112]
  Spacing: [0.428571, 0.428571, 0.5]
  Origin: [93.9852, 121.911, -8.06262]
  Direction: 
-0.999726 -0.00558479 0.0227283
-0.00481343 -0.90129 -0.433189
0.0229041 -0.433179 0.901017

  IndexToPointMatrix: 
-0.428454 -0.00239348 0.0113641
-0.0020629 -0.386267 -0.216594
0.00981602 -0.185648 0.450508

  PointToIndexMatrix: 
-2.33269 -0.0112313 0.0534428
-0.0130312 -2.10301 -1.01075
0.0454566 -0.866377 1.80203

  Inverse Direction: 
-0.999726 -0.00481343 0.0229041
-0.00558479 -0.90129 -0.433179
0.0227283 -0.433189 0.901017

  PixelContainer: 
    ImportImageContainer (0x411ecc0)
      RTTI typeinfo:   itk::ImportImageContainer<unsigned long, float>
      Reference Count: 1
      Modified Time: 1514
      Debug: Off
      Object Name: 
      Observers: 
        none
      Pointer: 0x14da0f963010
      Container manages memory: true
      Size: 22478848
      Capacity: 22478848

     Weighting = 1
     Sampling strategy = regular
     Number of bins = 32
     Radius = 4
     Sampling percentage  = 0.25
   Transform = Rigid
     Gradient step = 0.1
     Update field sigma (voxel space) = 0
     Total field sigma (voxel space) = 0
     Update field time sigma = 0
     Total field time sigma  = 0
     Number of time indices = 0
     Number of time point samples = 0
Registration using 1 total stages.

Stage 0
  iterations = 1000x500x250x100
  convergence threshold = 1e-06
  convergence window size = 10
  number of levels = 4
  using the Mattes MI metric (number of bins = 32, weight = 1, use gradient filter = 0)
  preprocessing:  winsorizing the image intensities
  Shrink factors (level 1 out of 4): [8, 8, 8]
  Shrink factors (level 2 out of 4): [4, 4, 4]
  Shrink factors (level 3 out of 4): [2, 2, 2]
  Shrink factors (level 4 out of 4): [1, 1, 1]
  smoothing sigmas per level: [3, 2, 1, 0]
  regular sampling (percentage = 0.25)

*** Running Euler3DTransform registration ***

DIAGNOSTIC,Iteration,metricValue,convergenceValue,ITERATION_TIME_INDEX,SINCE_LAST
 2DIAGNOSTIC,     1, -2.454363554716e-01, inf, 5.7707e-01, 5.7707e-01, 
 2DIAGNOSTIC,     2, -2.518736720085e-01, inf, 5.7766e-01, 5.9009e-04, 
 2DIAGNOSTIC,     3, -2.621509432793e-01, inf, 5.7836e-01, 6.9809e-04, 
 2DIAGNOSTIC,     4, -2.631703913212e-01, inf, 5.7896e-01, 6.0606e-04, 
 2DIAGNOSTIC,     5, -2.714940905571e-01, inf, 5.7962e-01, 6.6304e-04, 
 2DIAGNOSTIC,     6, -2.777741551399e-01, inf, 5.8070e-01, 1.0731e-03, 
 2DIAGNOSTIC,     7, -2.789548635483e-01, inf, 5.8125e-01, 5.5599e-04, 
 2DIAGNOSTIC,     8, -2.778472900391e-01, inf, 5.8180e-01, 5.4598e-04, 
 2DIAGNOSTIC,     9, -2.787274420261e-01, inf, 5.8236e-01, 5.5790e-04, 
 2DIAGNOSTIC,    10, -2.788426578045e-01, 8.074959740043e-03, 5.8318e-01, 8.2493e-04, 
 2DIAGNOSTIC,    11, -2.784444987774e-01, 5.298236384988e-03, 5.8388e-01, 6.9714e-04, 
 2DIAGNOSTIC,    12, -2.788327038288e-01, 3.108667675406e-03, 5.8465e-01, 7.6890e-04, 
 2DIAGNOSTIC,    13, -2.791701555252e-01, 1.856040442362e-03, 5.8537e-01, 7.2384e-04, 
 2DIAGNOSTIC,    14, -2.793609201908e-01, 6.973833660595e-04, 5.8608e-01, 7.1096e-04, 
 2DIAGNOSTIC,    15, -2.795505225658e-01, 2.140911965398e-04, 5.8678e-01, 6.9308e-04, 
 2DIAGNOSTIC,    16, -2.798393070698e-01, 1.997506042244e-04, 5.8783e-01, 1.0579e-03, 
 2DIAGNOSTIC,    17, -2.799783945084e-01, 2.519235131331e-04, 5.8855e-01, 7.1192e-04, 
 2DIAGNOSTIC,    18, -2.800897955894e-01, 2.155058173230e-04, 5.8924e-01, 6.9618e-04, 
 2DIAGNOSTIC,    19, -2.803431451321e-01, 2.249479875900e-04, 5.9019e-01, 9.4604e-04, 
 2DIAGNOSTIC,    20, -2.804492115974e-01, 2.248446253361e-04, 5.9094e-01, 7.5102e-04, 
 2DIAGNOSTIC,    21, -2.805441617966e-01, 1.886169629870e-04, 5.9165e-01, 7.0906e-04, 
 2DIAGNOSTIC,    22, -2.807135581970e-01, 1.642659044592e-04, 5.9262e-01, 9.7203e-04, 
 2DIAGNOSTIC,    23, -2.807984650135e-01, 1.456676109228e-04, 5.9331e-01, 6.9404e-04, 
 2DIAGNOSTIC,    24, -2.808545529842e-01, 1.256048562936e-04, 5.9403e-01, 7.1812e-04, 
 2DIAGNOSTIC,    25, -2.809790372849e-01, 1.082461094484e-04, 5.9475e-01, 7.1287e-04, 
 2DIAGNOSTIC,    26, -2.814401388168e-01, 1.118203872466e-04, 5.9544e-01, 6.9523e-04, 
 2DIAGNOSTIC,    27, -2.834877669811e-01, 1.876086316770e-04, 5.9649e-01, 1.0490e-03, 
 2DIAGNOSTIC,    28, -2.836041450500e-01, 2.465224533807e-04, 5.9720e-01, 7.1192e-04, 
 2DIAGNOSTIC,    29, -2.836966514587e-01, 2.913648786489e-04, 5.9793e-01, 7.2598e-04, 
 2DIAGNOSTIC,    30, -2.834128141403e-01, 3.006331971847e-04, 5.9904e-01, 1.1139e-03, 
 2DIAGNOSTIC,    31, -2.811617553234e-01, 2.093813527608e-04, 5.9976e-01, 7.1812e-04, 
 2DIAGNOSTIC,    32, -2.840414345264e-01, 2.027130540228e-04, 6.0055e-01, 7.9203e-04, 
 2DIAGNOSTIC,    33, -2.868027389050e-01, 2.620315644890e-04, 6.0135e-01, 8.0299e-04, 
 2DIAGNOSTIC,    34, -2.863545119762e-01, 2.797960478347e-04, 6.0204e-01, 6.8617e-04, 
 2DIAGNOSTIC,    35, -2.865312993526e-01, 2.823268587235e-04, 6.0279e-01, 7.5102e-04, 
 2DIAGNOSTIC,    36, -2.869118750095e-01, 2.820507506840e-04, 6.0355e-01, 7.5984e-04, 
 2DIAGNOSTIC,    37, -2.880681753159e-01, 3.413927624933e-04, 6.0463e-01, 1.0750e-03, 
 2DIAGNOSTIC,    38, -2.891632914543e-01, 3.942472394556e-04, 6.0543e-01, 8.0204e-04, 
 2DIAGNOSTIC,    39, -2.892184555531e-01, 4.110386071261e-04, 6.0613e-01, 7.0310e-04, 
 2DIAGNOSTIC,    40, -2.892625033855e-01, 3.861508739647e-04, 6.0685e-01, 7.1406e-04, 
 2DIAGNOSTIC,    41, -2.892789840698e-01, 2.690953842830e-04, 6.0781e-01, 9.6297e-04, 
 2DIAGNOSTIC,    42, -2.892812788486e-01, 1.993695623241e-04, 6.0858e-01, 7.7295e-04, 
 2DIAGNOSTIC,    43, -2.892930805683e-01, 1.794895797502e-04, 6.0938e-01, 7.9513e-04, 
 2DIAGNOSTIC,    44, -2.892990112305e-01, 1.335755368927e-04, 6.1042e-01, 1.0412e-03, 
 2DIAGNOSTIC,    45, -2.892995774746e-01, 8.151595102390e-05, 6.1125e-01, 8.2994e-04, 
 2DIAGNOSTIC,    46, -2.892995476723e-01, 3.202199513908e-05, 6.1203e-01, 7.8297e-04, 
 2DIAGNOSTIC,    47, -2.892998754978e-01, 5.969470748823e-06, 6.1285e-01, 8.1921e-04, 
 2DIAGNOSTIC,    48, -2.892996668816e-01, 3.587420451368e-06, 6.1363e-01, 7.8106e-04, 
 2DIAGNOSTIC,    49, -2.892999351025e-01, 2.147099166905e-06, 6.1446e-01, 8.2612e-04, 
 2DIAGNOSTIC,    50, -2.892999649048e-01, 1.509354092377e-06, 6.1524e-01, 7.8392e-04, 
 2DIAGNOSTIC,    51, -2.892998456955e-01, 1.142745986726e-06, 6.1609e-01, 8.4996e-04, 
DIAGNOSTIC,Iteration,metricValue,convergenceValue,ITERATION_TIME_INDEX,SINCE_LAST
 2DIAGNOSTIC,     1, -7.357884943485e-02, inf, 1.2355e+00, 6.1938e-01, 
 2DIAGNOSTIC,     2, -7.421354204416e-02, inf, 1.2381e+00, 2.6600e-03, 
 2DIAGNOSTIC,     3, -7.447946071625e-02, inf, 1.2407e+00, 2.5480e-03, 
 2DIAGNOSTIC,     4, -7.451432943344e-02, inf, 1.2436e+00, 2.9368e-03, 
 2DIAGNOSTIC,     5, -7.450816035271e-02, inf, 1.2462e+00, 2.5940e-03, 
 2DIAGNOSTIC,     6, -7.435975968838e-02, inf, 1.2485e+00, 2.2380e-03, 
 2DIAGNOSTIC,     7, -7.437551766634e-02, inf, 1.2506e+00, 2.1670e-03, 
 2DIAGNOSTIC,     8, -7.442849129438e-02, inf, 1.2528e+00, 2.1970e-03, 
 2DIAGNOSTIC,     9, -7.459003478289e-02, inf, 1.2550e+00, 2.2171e-03, 
 2DIAGNOSTIC,    10, -7.498202472925e-02, 6.170054548420e-04, 1.2578e+00, 2.7800e-03, 
 2DIAGNOSTIC,    11, -7.514132559299e-02, 4.835432337131e-04, 1.2603e+00, 2.4471e-03, 
 2DIAGNOSTIC,    12, -7.533798366785e-02, 5.921102128923e-04, 1.2630e+00, 2.6939e-03, 
 2DIAGNOSTIC,    13, -7.602996379137e-02, 9.099884773605e-04, 1.2657e+00, 2.7530e-03, 
 2DIAGNOSTIC,    14, -7.631677389145e-02, 1.180802006274e-03, 1.2684e+00, 2.6731e-03, 
 2DIAGNOSTIC,    15, -7.635744661093e-02, 1.316263806075e-03, 1.2711e+00, 2.7359e-03, 
 2DIAGNOSTIC,    16, -7.645677775145e-02, 1.305109704845e-03, 1.2735e+00, 2.4111e-03, 
 2DIAGNOSTIC,    17, -7.651802152395e-02, 1.193142961711e-03, 1.2774e+00, 3.8311e-03, 
 2DIAGNOSTIC,    18, -7.657438516617e-02, 1.004597172141e-03, 1.2798e+00, 2.4199e-03, 
 2DIAGNOSTIC,    19, -7.658952474594e-02, 7.759657455608e-04, 1.2821e+00, 2.3141e-03, 
 2DIAGNOSTIC,    20, -7.661359757185e-02, 5.787659320049e-04, 1.2848e+00, 2.7499e-03, 
 2DIAGNOSTIC,    21, -7.661848515272e-02, 3.774532524403e-04, 1.2875e+00, 2.7049e-03, 
 2DIAGNOSTIC,    22, -7.664795219898e-02, 1.954881154234e-04, 1.2906e+00, 3.0410e-03, 
 2DIAGNOSTIC,    23, -7.665473967791e-02, 1.245909224963e-04, 1.2933e+00, 2.6989e-03, 
 2DIAGNOSTIC,    24, -7.662308216095e-02, 8.827244892018e-05, 1.2960e+00, 2.7211e-03, 
 2DIAGNOSTIC,    25, -7.668398320675e-02, 6.199018389452e-05, 1.2987e+00, 2.6779e-03, 
 2DIAGNOSTIC,    26, -7.669100910425e-02, 4.697666736320e-05, 1.3011e+00, 2.4171e-03, 
 2DIAGNOSTIC,    27, -7.670230418444e-02, 3.866000042763e-05, 1.3034e+00, 2.3279e-03, 
 2DIAGNOSTIC,    28, -7.667897641659e-02, 3.192238000338e-05, 1.3062e+00, 2.7599e-03, 
 2DIAGNOSTIC,    29, -7.681901007891e-02, 4.296561382944e-05, 1.3086e+00, 2.3630e-03, 
 2DIAGNOSTIC,    30, -7.671488821507e-02, 3.871061926475e-05, 1.3116e+00, 3.0460e-03, 
 2DIAGNOSTIC,    31, -7.685708254576e-02, 4.927659028908e-05, 1.3153e+00, 3.6860e-03, 
 2DIAGNOSTIC,    32, -7.693259418011e-02, 6.657566700596e-05, 1.3176e+00, 2.3310e-03, 
 2DIAGNOSTIC,    33, -7.674333453178e-02, 5.582119774772e-05, 1.3200e+00, 2.3849e-03, 
 2DIAGNOSTIC,    34, -7.675242424011e-02, 3.859685602947e-05, 1.3226e+00, 2.6438e-03, 
 2DIAGNOSTIC,    35, -7.694462686777e-02, 4.574895501719e-05, 1.3260e+00, 3.3541e-03, 
 2DIAGNOSTIC,    36, -7.682722806931e-02, 3.582089993870e-05, 1.3283e+00, 2.3520e-03, 
 2DIAGNOSTIC,    37, -7.676815241575e-02, 1.882624565042e-05, 1.3321e+00, 3.7420e-03, 
 2DIAGNOSTIC,    38, -7.683190703392e-02, 5.332089131116e-06, 1.3348e+00, 2.7061e-03, 
 2DIAGNOSTIC,    39, -7.683192938566e-02, 5.664782747772e-06, 1.3375e+00, 2.6631e-03, 
DIAGNOSTIC,Iteration,metricValue,convergenceValue,ITERATION_TIME_INDEX,SINCE_LAST
 2DIAGNOSTIC,     1, -3.432166948915e-02, inf, 2.1216e+00, 7.8411e-01, 
 2DIAGNOSTIC,     2, -3.450883179903e-02, inf, 2.1387e+00, 1.7167e-02, 
 2DIAGNOSTIC,     3, -3.549289330840e-02, inf, 2.1560e+00, 1.7225e-02, 
 2DIAGNOSTIC,     4, -3.665393590927e-02, inf, 2.1813e+00, 2.5332e-02, 
 2DIAGNOSTIC,     5, -3.773637488484e-02, inf, 2.2041e+00, 2.2825e-02, 
 2DIAGNOSTIC,     6, -3.780423849821e-02, inf, 2.2195e+00, 1.5368e-02, 
 2DIAGNOSTIC,     7, -3.783795237541e-02, inf, 2.2355e+00, 1.5996e-02, 
 2DIAGNOSTIC,     8, -3.788579627872e-02, inf, 2.2536e+00, 1.8111e-02, 
 2DIAGNOSTIC,     9, -3.791323304176e-02, inf, 2.2722e+00, 1.8618e-02, 
 2DIAGNOSTIC,    10, -3.792512416840e-02, 6.814744789153e-03, 2.2915e+00, 1.9299e-02, 
 2DIAGNOSTIC,    11, -3.792889043689e-02, 4.556071478873e-03, 2.3075e+00, 1.5947e-02, 
 2DIAGNOSTIC,    12, -3.794001415372e-02, 2.404783153906e-03, 2.3231e+00, 1.5683e-02, 
 2DIAGNOSTIC,    13, -3.797403350472e-02, 9.642170625739e-04, 2.3413e+00, 1.8175e-02, 
 2DIAGNOSTIC,    14, -3.799223154783e-02, 2.745117235463e-04, 2.3580e+00, 1.6647e-02, 
 2DIAGNOSTIC,    15, -3.804071992636e-02, 2.295158192283e-04, 2.3732e+00, 1.5272e-02, 
 2DIAGNOSTIC,    16, -3.808508068323e-02, 2.226070064353e-04, 2.3990e+00, 2.5779e-02, 
 2DIAGNOSTIC,    17, -3.806979209185e-02, 2.038098318735e-04, 2.4177e+00, 1.8684e-02, 
 2DIAGNOSTIC,    18, -3.807549551129e-02, 1.913600281114e-04, 2.4365e+00, 1.8804e-02, 
 2DIAGNOSTIC,    19, -3.804868832231e-02, 1.628134050407e-04, 2.4548e+00, 1.8342e-02, 
 2DIAGNOSTIC,    20, -3.804846107960e-02, 1.266856852453e-04, 2.4746e+00, 1.9760e-02, 
 2DIAGNOSTIC,    21, -3.804840520024e-02, 8.349771087524e-05, 2.4911e+00, 1.6519e-02, 
 2DIAGNOSTIC,    22, -3.803836554289e-02, 3.690877929330e-05, 2.5079e+00, 1.6758e-02, 
 2DIAGNOSTIC,    23, -3.806928172708e-02, 1.288765088248e-05, 2.5269e+00, 1.9034e-02, 
DIAGNOSTIC,Iteration,metricValue,convergenceValue,ITERATION_TIME_INDEX,SINCE_LAST
 2DIAGNOSTIC,     1, -2.823877893388e-02, inf, 4.0144e+00, 1.4874e+00, 
 2DIAGNOSTIC,     2, -2.887432277203e-02, inf, 4.1189e+00, 1.0449e-01, 
 2DIAGNOSTIC,     3, -2.963457629085e-02, inf, 4.2407e+00, 1.2189e-01, 
 2DIAGNOSTIC,     4, -2.977795153856e-02, inf, 4.3487e+00, 1.0799e-01, 
 2DIAGNOSTIC,     5, -2.980640158057e-02, inf, 4.4707e+00, 1.2197e-01, 
 2DIAGNOSTIC,     6, -2.983339317143e-02, inf, 4.6894e+00, 2.1868e-01, 
 2DIAGNOSTIC,     7, -2.983518317342e-02, inf, 4.7996e+00, 1.1026e-01, 
 2DIAGNOSTIC,     8, -2.984017692506e-02, inf, 4.9071e+00, 1.0750e-01, 
 2DIAGNOSTIC,     9, -2.984308637679e-02, inf, 5.0176e+00, 1.1046e-01, 
 2DIAGNOSTIC,    10, -2.985325269401e-02, 2.538432134315e-03, 5.1231e+00, 1.0554e-01, 
 2DIAGNOSTIC,    11, -2.986651845276e-02, 1.090322039090e-03, 5.2498e+00, 1.2665e-01, 
 2DIAGNOSTIC,    12, -2.987653389573e-02, 2.887174487114e-04, 5.3590e+00, 1.0917e-01, 
 2DIAGNOSTIC,    13, -2.988692559302e-02, 1.518232602393e-04, 5.4689e+00, 1.0993e-01, 
 2DIAGNOSTIC,    14, -2.991243638098e-02, 1.363616320305e-04, 5.5746e+00, 1.0573e-01, 
 2DIAGNOSTIC,    15, -2.994843199849e-02, 1.510346482974e-04, 5.6851e+00, 1.1043e-01, 
 2DIAGNOSTIC,    16, -2.997306734324e-02, 1.806168584153e-04, 5.8449e+00, 1.5984e-01, 
 2DIAGNOSTIC,    17, -3.000623919070e-02, 2.098848781316e-04, 5.9707e+00, 1.2583e-01, 
 2DIAGNOSTIC,    18, -3.003875911236e-02, 2.365155814914e-04, 6.0959e+00, 1.2513e-01, 
 2DIAGNOSTIC,    19, -3.011334314942e-02, 2.771593572106e-04, 6.2220e+00, 1.2618e-01, 
 2DIAGNOSTIC,    20, -3.021616302431e-02, 3.409967466723e-04, 6.3673e+00, 1.4530e-01, 
 2DIAGNOSTIC,    21, -3.030778840184e-02, 4.137854848523e-04, 6.4956e+00, 1.2821e-01, 
 2DIAGNOSTIC,    22, -3.033142164350e-02, 4.557995416690e-04, 6.6200e+00, 1.2445e-01, 
 2DIAGNOSTIC,    23, -3.033425658941e-02, 4.576177161653e-04, 6.7441e+00, 1.2405e-01, 
 2DIAGNOSTIC,    24, -3.033944219351e-02, 4.286110342946e-04, 6.8695e+00, 1.2548e-01, 
 2DIAGNOSTIC,    25, -3.035008721054e-02, 3.788944450207e-04, 7.0432e+00, 1.7364e-01, 
 2DIAGNOSTIC,    26, -3.035399876535e-02, 3.074315027334e-04, 7.1691e+00, 1.2595e-01, 
 2DIAGNOSTIC,    27, -3.035411611199e-02, 2.245765790576e-04, 7.2930e+00, 1.2391e-01, 
 2DIAGNOSTIC,    28, -3.035539761186e-02, 1.383493508911e-04, 7.4390e+00, 1.4599e-01, 
 2DIAGNOSTIC,    29, -3.035676851869e-02, 6.954260607017e-05, 7.6143e+00, 1.7530e-01, 
 2DIAGNOSTIC,    30, -3.035624511540e-02, 3.046217898373e-05, 7.7419e+00, 1.2758e-01, 
 2DIAGNOSTIC,    31, -3.035621345043e-02, 1.898333175632e-05, 7.8437e+00, 1.0178e-01, 
 2DIAGNOSTIC,    32, -3.035595640540e-02, 1.349962440145e-05, 7.9823e+00, 1.3867e-01, 
 2DIAGNOSTIC,    33, -3.035582229495e-02, 7.947349331516e-06, 8.1356e+00, 1.5330e-01, 
 2DIAGNOSTIC,    34, -3.035588935018e-02, 3.448509687587e-06, 8.2591e+00, 1.2343e-01, 
 2DIAGNOSTIC,    35, -3.035589307547e-02, 1.827341520766e-06, 8.3856e+00, 1.2655e-01, 
 2DIAGNOSTIC,    36, -3.035558387637e-02, 1.167621007880e-06, 8.5461e+00, 1.6051e-01, 
  Elapsed time (stage 0): 8.8387e+00


Total elapsed time: 8.8402e+00
Transforming MT-off to MNI
Transforming MT-on to MNI
