Loading spm/spm12
  Loading requirement: matlab/r2019a
Non-commercial use only - see $FSLDIR/LICENSE
N4 bias corrrection
Centring images
MATLAB is selecting SOFTWARE OPENGL rendering.

Written new image at:
	/home/tom29/rds/hpc-work/cbbu_BIDS/sub-04/anat/sub-04_acq-LC_mt-on_MTS_N4_centred.nii

MATLAB is selecting SOFTWARE OPENGL rendering.

Written new image at:
	/home/tom29/rds/hpc-work/cbbu_BIDS/sub-04/anat/sub-04_acq-LC_mt-off_MTS_N4_centred.nii

Registering MT-on to MT-off
All_Command_lines_OK
Using single precision for computations.
  number of levels = 4
  fixed image: /home/tom29/rds/hpc-work/cbbu_BIDS/sub-04/anat/sub-04_acq-LC_mt-off_MTS_N4_centred.nii.gz
  moving image: /home/tom29/rds/hpc-work/cbbu_BIDS/sub-04/anat/sub-04_acq-LC_mt-on_MTS_N4_centred.nii.gz
Dimension = 3
Number of stages = 1
Use histogram matching = false
Winsorize image intensities = true
  Lower quantile = 0.005
  Upper quantile = 0.995


Stage 1 State
   Image metric = MattesMI
     Fixed image = Image (0x4af13c0)
  RTTI typeinfo:   itk::Image<float, 3u>
  Reference Count: 2
  Modified Time: 1076
  Debug: Off
  Object Name: 
  Observers: 
    none
  Source: (none)
  Source output name: (none)
  Release Data: Off
  Data Released: False
  Global Release Data: Off
  PipelineMTime: 0
  UpdateMTime: 685
  RealTimeStamp: 0 seconds 
  LargestPossibleRegion: 
    Dimension: 3
    Index: [0, 0, 0]
    Size: [448, 448, 112]
  BufferedRegion: 
    Dimension: 3
    Index: [0, 0, 0]
    Size: [448, 448, 112]
  RequestedRegion: 
    Dimension: 3
    Index: [0, 0, 0]
    Size: [448, 448, 112]
  Spacing: [0.428571, 0.428571, 0.5]
  Origin: [93.4422, 121.844, -2.72342]
  Direction: 
-0.999859 -0.0129659 -0.0106528
0.0164109 -0.888078 -0.4594
-0.00350399 -0.45951 0.888166

  IndexToPointMatrix: 
-0.428511 -0.00555681 -0.0053264
0.00703326 -0.380605 -0.2297
-0.00150171 -0.196933 0.444083

  PointToIndexMatrix: 
-2.333 0.0382922 -0.00817599
-0.0302537 -2.07218 -1.07219
-0.0213056 -0.918799 1.77633

  Inverse Direction: 
-0.999859 0.0164109 -0.00350399
-0.0129659 -0.888078 -0.45951
-0.0106528 -0.4594 0.888166

  PixelContainer: 
    ImportImageContainer (0x4add890)
      RTTI typeinfo:   itk::ImportImageContainer<unsigned long, float>
      Reference Count: 1
      Modified Time: 682
      Debug: Off
      Object Name: 
      Observers: 
        none
      Pointer: 0x146d51d05010
      Container manages memory: true
      Size: 22478848
      Capacity: 22478848

     Moving image = Image (0x4af4b60)
  RTTI typeinfo:   itk::Image<float, 3u>
  Reference Count: 2
  Modified Time: 1077
  Debug: Off
  Object Name: 
  Observers: 
    none
  Source: (none)
  Source output name: (none)
  Release Data: Off
  Data Released: False
  Global Release Data: Off
  PipelineMTime: 0
  UpdateMTime: 1074
  RealTimeStamp: 0 seconds 
  LargestPossibleRegion: 
    Dimension: 3
    Index: [0, 0, 0]
    Size: [448, 448, 112]
  BufferedRegion: 
    Dimension: 3
    Index: [0, 0, 0]
    Size: [448, 448, 112]
  RequestedRegion: 
    Dimension: 3
    Index: [0, 0, 0]
    Size: [448, 448, 112]
  Spacing: [0.428571, 0.428571, 0.5]
  Origin: [93.4422, 121.844, -2.72342]
  Direction: 
-0.999859 -0.0129659 -0.0106528
0.0164109 -0.888078 -0.4594
-0.00350399 -0.45951 0.888166

  IndexToPointMatrix: 
-0.428511 -0.00555681 -0.0053264
0.00703326 -0.380605 -0.2297
-0.00150171 -0.196933 0.444083

  PointToIndexMatrix: 
-2.333 0.0382922 -0.00817599
-0.0302537 -2.07218 -1.07219
-0.0213056 -0.918799 1.77633

  Inverse Direction: 
-0.999859 0.0164109 -0.00350399
-0.0129659 -0.888078 -0.45951
-0.0106528 -0.4594 0.888166

  PixelContainer: 
    ImportImageContainer (0x4af4b00)
      RTTI typeinfo:   itk::ImportImageContainer<unsigned long, float>
      Reference Count: 1
      Modified Time: 1071
      Debug: Off
      Object Name: 
      Observers: 
        none
      Pointer: 0x146d4c744010
      Container manages memory: true
      Size: 22478848
      Capacity: 22478848

     Weighting = 1
     Sampling strategy = regular
     Number of bins = 32
     Radius = 4
     Sampling percentage  = 0.25
   Transform = Rigid
     Gradient step = 0.1
     Update field sigma (voxel space) = 0
     Total field sigma (voxel space) = 0
     Update field time sigma = 0
     Total field time sigma  = 0
     Number of time indices = 0
     Number of time point samples = 0
Registration using 1 total stages.

Stage 0
  iterations = 1000x500x250x100
  convergence threshold = 1e-06
  convergence window size = 10
  number of levels = 4
  using the Mattes MI metric (number of bins = 32, weight = 1, use gradient filter = 0)
  preprocessing:  winsorizing the image intensities
  Shrink factors (level 1 out of 4): [8, 8, 7]
  Shrink factors (level 2 out of 4): [4, 4, 3]
  Shrink factors (level 3 out of 4): [2, 2, 2]
  Shrink factors (level 4 out of 4): [1, 1, 1]
  smoothing sigmas per level: [3, 2, 1, 0]
  regular sampling (percentage = 0.25)

*** Running Euler3DTransform registration ***

DIAGNOSTIC,Iteration,metricValue,convergenceValue,ITERATION_TIME_INDEX,SINCE_LAST
 2DIAGNOSTIC,     1, -1.556102037430e+00, inf, 6.6935e-01, 6.6935e-01, 
 2DIAGNOSTIC,     2, -1.561529397964e+00, inf, 6.7339e-01, 4.0429e-03, 
 2DIAGNOSTIC,     3, -1.562903881073e+00, inf, 6.7734e-01, 3.9499e-03, 
 2DIAGNOSTIC,     4, -1.563044071198e+00, inf, 6.8225e-01, 4.9050e-03, 
 2DIAGNOSTIC,     5, -1.563192486763e+00, inf, 6.8598e-01, 3.7291e-03, 
 2DIAGNOSTIC,     6, -1.563130855560e+00, inf, 6.8945e-01, 3.4671e-03, 
 2DIAGNOSTIC,     7, -1.563155055046e+00, inf, 6.9339e-01, 3.9451e-03, 
 2DIAGNOSTIC,     8, -1.563118577003e+00, inf, 6.9661e-01, 3.2229e-03, 
 2DIAGNOSTIC,     9, -1.563101649284e+00, inf, 7.0004e-01, 3.4280e-03, 
 2DIAGNOSTIC,    10, -1.563144922256e+00, 1.597952214070e-04, 7.0349e-01, 3.4530e-03, 
 2DIAGNOSTIC,    11, -1.563198566437e+00, 3.414395177970e-05, 7.0732e-01, 3.8271e-03, 
 2DIAGNOSTIC,    12, -1.563264489174e+00, 9.359715477331e-06, 7.1085e-01, 3.5319e-03, 
 2DIAGNOSTIC,    13, -1.563261151314e+00, 6.925503839739e-06, 7.1471e-01, 3.8521e-03, 
 2DIAGNOSTIC,    14, -1.563287973404e+00, 6.568835033249e-06, 7.2008e-01, 5.3790e-03, 
 2DIAGNOSTIC,    15, -1.563293218613e+00, 7.741296940367e-06, 7.2395e-01, 3.8700e-03, 
 2DIAGNOSTIC,    16, -1.563293218613e+00, 7.521587576775e-06, 7.2801e-01, 4.0560e-03, 
 2DIAGNOSTIC,    17, -1.563293099403e+00, 7.084028766258e-06, 7.3209e-01, 4.0839e-03, 
 2DIAGNOSTIC,    18, -1.563294410706e+00, 5.875251645193e-06, 7.3549e-01, 3.3979e-03, 
 2DIAGNOSTIC,    19, -1.563294172287e+00, 4.248669483786e-06, 7.3936e-01, 3.8688e-03, 
 2DIAGNOSTIC,    20, -1.563294410706e+00, 2.932498546215e-06, 7.4334e-01, 3.9780e-03, 
 2DIAGNOSTIC,    21, -1.563294053078e+00, 2.065220087388e-06, 7.4717e-01, 3.8359e-03, 
 2DIAGNOSTIC,    22, -1.563293576241e+00, 1.770680455593e-06, 7.5123e-01, 4.0560e-03, 
 2DIAGNOSTIC,    23, -1.563294291496e+00, 1.445037582926e-06, 7.5526e-01, 4.0309e-03, 
 2DIAGNOSTIC,    24, -1.563294053078e+00, 1.340786639048e-06, 7.6042e-01, 5.1589e-03, 
 2DIAGNOSTIC,    25, -1.563294291496e+00, 1.283546225750e-06, 7.6429e-01, 3.8688e-03, 
 2DIAGNOSTIC,    26, -1.563294172287e+00, 1.229029976457e-06, 7.6860e-01, 4.3108e-03, 
 2DIAGNOSTIC,    27, -1.563293695450e+00, 1.173858890979e-06, 7.7203e-01, 3.4289e-03, 
 2DIAGNOSTIC,    28, -1.563293814659e+00, 1.132421289185e-06, 7.7628e-01, 4.2551e-03, 
 2DIAGNOSTIC,    29, -1.563293814659e+00, 1.092532329494e-06, 7.8024e-01, 3.9551e-03, 
 2DIAGNOSTIC,    30, -1.563293695450e+00, 1.056505993802e-06, 7.8397e-01, 3.7270e-03, 
 2DIAGNOSTIC,    31, -1.563293695450e+00, 1.021247953759e-06, 7.8806e-01, 4.0982e-03, 
DIAGNOSTIC,Iteration,metricValue,convergenceValue,ITERATION_TIME_INDEX,SINCE_LAST
 2DIAGNOSTIC,     1, -1.459090948105e+00, inf, 1.5202e+00, 7.3213e-01, 
 2DIAGNOSTIC,     2, -1.460072636604e+00, inf, 1.5669e+00, 4.6680e-02, 
 2DIAGNOSTIC,     3, -1.460420966148e+00, inf, 1.6187e+00, 5.1774e-02, 
 2DIAGNOSTIC,     4, -1.460430979729e+00, inf, 1.6602e+00, 4.1582e-02, 
 2DIAGNOSTIC,     5, -1.460467100143e+00, inf, 1.7101e+00, 4.9830e-02, 
 2DIAGNOSTIC,     6, -1.460476756096e+00, inf, 1.7628e+00, 5.2767e-02, 
 2DIAGNOSTIC,     7, -1.460496425629e+00, inf, 1.8130e+00, 5.0151e-02, 
 2DIAGNOSTIC,     8, -1.460534214973e+00, inf, 1.8614e+00, 4.8387e-02, 
 2DIAGNOSTIC,     9, -1.460537314415e+00, inf, 1.9117e+00, 5.0286e-02, 
 2DIAGNOSTIC,    10, -1.460554122925e+00, 4.173140769126e-05, 1.9557e+00, 4.4063e-02, 
 2DIAGNOSTIC,    11, -1.460554599762e+00, 1.541032543173e-05, 2.0029e+00, 4.7204e-02, 
 2DIAGNOSTIC,    12, -1.460557222366e+00, 8.163126949512e-06, 2.0492e+00, 4.6254e-02, 
 2DIAGNOSTIC,    13, -1.460552334785e+00, 6.671667961200e-06, 2.0971e+00, 4.7972e-02, 
 2DIAGNOSTIC,    14, -1.460554122925e+00, 5.164244157640e-06, 2.1448e+00, 4.7692e-02, 
 2DIAGNOSTIC,    15, -1.460553765297e+00, 4.060576884513e-06, 2.2078e+00, 6.2995e-02, 
 2DIAGNOSTIC,    16, -1.460553765297e+00, 3.032185304619e-06, 2.2516e+00, 4.3740e-02, 
 2DIAGNOSTIC,    17, -1.460554838181e+00, 2.257273536088e-06, 2.2914e+00, 3.9830e-02, 
 2DIAGNOSTIC,    18, -1.460556030273e+00, 1.955903144335e-06, 2.3404e+00, 4.9029e-02, 
 2DIAGNOSTIC,    19, -1.460555195808e+00, 1.687224539637e-06, 2.3854e+00, 4.4981e-02, 
 2DIAGNOSTIC,    20, -1.460556387901e+00, 1.619306317480e-06, 2.4406e+00, 5.5142e-02, 
 2DIAGNOSTIC,    21, -1.460556387901e+00, 1.558377675792e-06, 2.4927e+00, 5.2172e-02, 
 2DIAGNOSTIC,    22, -1.460555791855e+00, 1.518039880466e-06, 2.5334e+00, 4.0675e-02, 
 2DIAGNOSTIC,    23, -1.460556387901e+00, 1.437820628780e-06, 2.5817e+00, 4.8316e-02, 
 2DIAGNOSTIC,    24, -1.460555791855e+00, 1.368897756038e-06, 2.6254e+00, 4.3653e-02, 
 2DIAGNOSTIC,    25, -1.460556626320e+00, 1.305358978243e-06, 2.6757e+00, 5.0295e-02, 
 2DIAGNOSTIC,    26, -1.460556387901e+00, 1.241430709342e-06, 2.7230e+00, 4.7342e-02, 
 2DIAGNOSTIC,    27, -1.460556268692e+00, 1.187355678667e-06, 2.7706e+00, 4.7590e-02, 
 2DIAGNOSTIC,    28, -1.460556030273e+00, 1.143235749623e-06, 2.8220e+00, 5.1375e-02, 
 2DIAGNOSTIC,    29, -1.460556268692e+00, 1.097235212910e-06, 2.8692e+00, 4.7202e-02, 
 2DIAGNOSTIC,    30, -1.460555791855e+00, 1.058785301211e-06, 2.9187e+00, 4.9477e-02, 
 2DIAGNOSTIC,    31, -1.460555672646e+00, 1.022398805617e-06, 2.9669e+00, 4.8284e-02, 
DIAGNOSTIC,Iteration,metricValue,convergenceValue,ITERATION_TIME_INDEX,SINCE_LAST
 2DIAGNOSTIC,     1, -1.372621178627e+00, inf, 4.0573e+00, 1.0904e+00, 
 2DIAGNOSTIC,     2, -1.373780727386e+00, inf, 4.2626e+00, 2.0527e-01, 
 2DIAGNOSTIC,     3, -1.374123692513e+00, inf, 4.4594e+00, 1.9679e-01, 
 2DIAGNOSTIC,     4, -1.374168515205e+00, inf, 4.6339e+00, 1.7452e-01, 
 2DIAGNOSTIC,     5, -1.374215722084e+00, inf, 4.8028e+00, 1.6888e-01, 
 2DIAGNOSTIC,     6, -1.374268770218e+00, inf, 5.0063e+00, 2.0347e-01, 
 2DIAGNOSTIC,     7, -1.374348163605e+00, inf, 5.3445e+00, 3.3817e-01, 
 2DIAGNOSTIC,     8, -1.374348044395e+00, inf, 5.5256e+00, 1.8116e-01, 
 2DIAGNOSTIC,     9, -1.374354720116e+00, inf, 5.6992e+00, 1.7360e-01, 
 2DIAGNOSTIC,    10, -1.374362230301e+00, 5.473866258399e-05, 5.9044e+00, 2.0519e-01, 
 2DIAGNOSTIC,    11, -1.374366641045e+00, 2.169419531128e-05, 6.1104e+00, 2.0600e-01, 
 2DIAGNOSTIC,    12, -1.374365091324e+00, 1.225946016348e-05, 6.2872e+00, 1.7681e-01, 
 2DIAGNOSTIC,    13, -1.374367594719e+00, 8.906090442906e-06, 6.4926e+00, 2.0538e-01, 
 2DIAGNOSTIC,    14, -1.374367833138e+00, 6.117156317487e-06, 6.6889e+00, 1.9628e-01, 
 2DIAGNOSTIC,    15, -1.374365210533e+00, 3.953735358664e-06, 6.9336e+00, 2.4476e-01, 
 2DIAGNOSTIC,    16, -1.374365329742e+00, 2.552215391916e-06, 7.1119e+00, 1.7832e-01, 
 2DIAGNOSTIC,    17, -1.374365329742e+00, 2.231725829915e-06, 7.3088e+00, 1.9684e-01, 
 2DIAGNOSTIC,    18, -1.374364137650e+00, 1.897263132378e-06, 7.4833e+00, 1.7456e-01, 
 2DIAGNOSTIC,    19, -1.374364614487e+00, 1.662149884396e-06, 7.6533e+00, 1.6996e-01, 
 2DIAGNOSTIC,    20, -1.374365448952e+00, 1.537054117762e-06, 7.8677e+00, 2.1443e-01, 
 2DIAGNOSTIC,    21, -1.374369025230e+00, 1.508006903350e-06, 8.0686e+00, 2.0087e-01, 
 2DIAGNOSTIC,    22, -1.374368309975e+00, 1.459148165850e-06, 8.2647e+00, 1.9612e-01, 
 2DIAGNOSTIC,    23, -1.374368071556e+00, 1.434209593754e-06, 8.4677e+00, 2.0298e-01, 
 2DIAGNOSTIC,    24, -1.374368071556e+00, 1.409709739164e-06, 8.6784e+00, 2.1071e-01, 
 2DIAGNOSTIC,    25, -1.374369502068e+00, 1.368851940242e-06, 8.8789e+00, 2.0054e-01, 
 2DIAGNOSTIC,    26, -1.374368071556e+00, 1.310754328188e-06, 9.0713e+00, 1.9236e-01, 
 2DIAGNOSTIC,    27, -1.374368429184e+00, 1.252339075108e-06, 9.2787e+00, 2.0744e-01, 
 2DIAGNOSTIC,    28, -1.374368429184e+00, 1.182726236948e-06, 9.4894e+00, 2.1069e-01, 
 2DIAGNOSTIC,    29, -1.374368309975e+00, 1.115953409681e-06, 9.6975e+00, 2.0809e-01, 
 2DIAGNOSTIC,    30, -1.374368667603e+00, 1.059197302311e-06, 9.9265e+00, 2.2903e-01, 
 2DIAGNOSTIC,    31, -1.374368667603e+00, 1.030232169796e-06, 1.0106e+01, 1.7983e-01, 
DIAGNOSTIC,Iteration,metricValue,convergenceValue,ITERATION_TIME_INDEX,SINCE_LAST
 2DIAGNOSTIC,     1, -1.267204165459e+00, inf, 1.3122e+01, 3.0153e+00, 
 2DIAGNOSTIC,     2, -1.269485712051e+00, inf, 1.4263e+01, 1.1418e+00, 
 2DIAGNOSTIC,     3, -1.269877314568e+00, inf, 1.5286e+01, 1.0224e+00, 
 2DIAGNOSTIC,     4, -1.269936323166e+00, inf, 1.6307e+01, 1.0214e+00, 
 2DIAGNOSTIC,     5, -1.270070433617e+00, inf, 1.7763e+01, 1.4559e+00, 
 2DIAGNOSTIC,     6, -1.270142793655e+00, inf, 1.8802e+01, 1.0387e+00, 
 2DIAGNOSTIC,     7, -1.270266056061e+00, inf, 2.0011e+01, 1.2087e+00, 
 2DIAGNOSTIC,     8, -1.270322799683e+00, inf, 2.1210e+01, 1.1998e+00, 
 2DIAGNOSTIC,     9, -1.270333528519e+00, inf, 2.2945e+01, 1.7341e+00, 
 2DIAGNOSTIC,    10, -1.270333051682e+00, 1.005041995086e-04, 2.4550e+01, 1.6056e+00, 
 2DIAGNOSTIC,    11, -1.270332813263e+00, 3.671526792459e-05, 2.5772e+01, 1.2222e+00, 
 2DIAGNOSTIC,    12, -1.270332455635e+00, 2.287472307216e-05, 2.7088e+01, 1.3155e+00, 
 2DIAGNOSTIC,    13, -1.270332336426e+00, 1.607173544471e-05, 2.8429e+01, 1.3415e+00, 
 2DIAGNOSTIC,    14, -1.270332217216e+00, 9.923099241860e-06, 2.9607e+01, 1.1773e+00, 
 2DIAGNOSTIC,    15, -1.270332217216e+00, 5.901452823309e-06, 3.0772e+01, 1.1650e+00, 
 2DIAGNOSTIC,    16, -1.270332098007e+00, 3.009039119206e-06, 3.1935e+01, 1.1634e+00, 
 2DIAGNOSTIC,    17, -1.270331978798e+00, 1.964383272934e-06, 3.3111e+01, 1.1761e+00, 
 2DIAGNOSTIC,    18, -1.270331740379e+00, 1.725876359160e-06, 3.4292e+01, 1.1813e+00, 
 2DIAGNOSTIC,    19, -1.270331859589e+00, 1.644244662202e-06, 3.5475e+01, 1.1821e+00, 
 2DIAGNOSTIC,    20, -1.270331740379e+00, 1.566852006363e-06, 3.6638e+01, 1.1639e+00, 
 2DIAGNOSTIC,    21, -1.270331740379e+00, 1.496634467912e-06, 3.7802e+01, 1.1637e+00, 
 2DIAGNOSTIC,    22, -1.270331621170e+00, 1.429731469216e-06, 3.9010e+01, 1.2074e+00, 
 2DIAGNOSTIC,    23, -1.270331144333e+00, 1.364455215480e-06, 4.0175e+01, 1.1657e+00, 
 2DIAGNOSTIC,    24, -1.270331144333e+00, 1.305349883296e-06, 4.1380e+01, 1.2046e+00, 
 2DIAGNOSTIC,    25, -1.270331382751e+00, 1.254941707884e-06, 4.2703e+01, 1.3228e+00, 
 2DIAGNOSTIC,    26, -1.270331263542e+00, 1.207925151903e-06, 4.3888e+01, 1.1855e+00, 
 2DIAGNOSTIC,    27, -1.270331144333e+00, 1.164033733403e-06, 4.5071e+01, 1.1825e+00, 
 2DIAGNOSTIC,    28, -1.270331144333e+00, 1.122796788877e-06, 4.6235e+01, 1.1646e+00, 
 2DIAGNOSTIC,    29, -1.270331263542e+00, 1.087505438591e-06, 4.7426e+01, 1.1907e+00, 
 2DIAGNOSTIC,    30, -1.270331263542e+00, 1.054445419868e-06, 4.8593e+01, 1.1668e+00, 
 2DIAGNOSTIC,    31, -1.270331263542e+00, 1.024094672175e-06, 4.9777e+01, 1.1842e+00, 
  Elapsed time (stage 0): 5.0572e+01


Total elapsed time: 5.0574e+01
Registering MT-off to MP2RAGE
All_Command_lines_OK
Using single precision for computations.
  Reading mask(s).
    Registration stage 0
      Fixed mask = /home/tom29/rds/hpc-work/cbbu_BIDS/sub-04/anat/sub-04_mask_centred.nii.gz
 file NULL does not exist . 
      No moving mask
  number of levels = 4
  fixed image: /home/tom29/rds/hpc-work/cbbu_BIDS/sub-04/anat/sub-04_acq-whole_UNI_MP2RAGE_brain_N4_centred.nii.gz
  moving image: /home/tom29/rds/hpc-work/cbbu_BIDS/sub-04/anat/sub-04_acq-LC_mt-off_MTS_N4_centred.nii.gz
Dimension = 3
Number of stages = 1
Use histogram matching = false
Winsorize image intensities = true
  Lower quantile = 0.005
  Upper quantile = 0.995


Stage 1 State
   Image metric = MattesMI
     Fixed image = Image (0x3a8b9e0)
  RTTI typeinfo:   itk::Image<float, 3u>
  Reference Count: 2
  Modified Time: 1519
  Debug: Off
  Object Name: 
  Observers: 
    none
  Source: (none)
  Source output name: (none)
  Release Data: Off
  Data Released: False
  Global Release Data: Off
  PipelineMTime: 0
  UpdateMTime: 1128
  RealTimeStamp: 0 seconds 
  LargestPossibleRegion: 
    Dimension: 3
    Index: [0, 0, 0]
    Size: [224, 300, 320]
  BufferedRegion: 
    Dimension: 3
    Index: [0, 0, 0]
    Size: [224, 300, 320]
  RequestedRegion: 
    Dimension: 3
    Index: [0, 0, 0]
    Size: [224, 300, 320]
  Spacing: [0.75, 0.75, 0.75]
  Origin: [82.6486, 146.556, -86.4557]
  Direction: 
-0.999636 0.0228963 -0.0142944
-0.0171372 -0.947512 -0.319261
-0.020854 -0.3189 0.947559

  IndexToPointMatrix: 
-0.749727 0.0171723 -0.0107208
-0.0128529 -0.710634 -0.239446
-0.0156405 -0.239175 0.710669

  PointToIndexMatrix: 
-1.33285 -0.0228495 -0.0278053
0.0305284 -1.26335 -0.425199
-0.0190592 -0.425681 1.26341

  Inverse Direction: 
-0.999636 -0.0171372 -0.020854
0.0228963 -0.947512 -0.318899
-0.0142944 -0.319261 0.947559

  PixelContainer: 
    ImportImageContainer (0x3a7ab40)
      RTTI typeinfo:   itk::ImportImageContainer<unsigned long, float>
      Reference Count: 1
      Modified Time: 1125
      Debug: Off
      Object Name: 
      Observers: 
        none
      Pointer: 0x1480d6ff0010
      Container manages memory: true
      Size: 21504000
      Capacity: 21504000

     Moving image = Image (0x3a96a40)
  RTTI typeinfo:   itk::Image<float, 3u>
  Reference Count: 2
  Modified Time: 1520
  Debug: Off
  Object Name: 
  Observers: 
    none
  Source: (none)
  Source output name: (none)
  Release Data: Off
  Data Released: False
  Global Release Data: Off
  PipelineMTime: 0
  UpdateMTime: 1517
  RealTimeStamp: 0 seconds 
  LargestPossibleRegion: 
    Dimension: 3
    Index: [0, 0, 0]
    Size: [448, 448, 112]
  BufferedRegion: 
    Dimension: 3
    Index: [0, 0, 0]
    Size: [448, 448, 112]
  RequestedRegion: 
    Dimension: 3
    Index: [0, 0, 0]
    Size: [448, 448, 112]
  Spacing: [0.428571, 0.428571, 0.5]
  Origin: [93.4422, 121.844, -2.72342]
  Direction: 
-0.999859 -0.0129659 -0.0106528
0.0164109 -0.888078 -0.4594
-0.00350399 -0.45951 0.888166

  IndexToPointMatrix: 
-0.428511 -0.00555681 -0.0053264
0.00703326 -0.380605 -0.2297
-0.00150171 -0.196933 0.444083

  PointToIndexMatrix: 
-2.333 0.0382922 -0.00817599
-0.0302537 -2.07218 -1.07219
-0.0213056 -0.918799 1.77633

  Inverse Direction: 
-0.999859 0.0164109 -0.00350399
-0.0129659 -0.888078 -0.45951
-0.0106528 -0.4594 0.888166

  PixelContainer: 
    ImportImageContainer (0x3a8ecc0)
      RTTI typeinfo:   itk::ImportImageContainer<unsigned long, float>
      Reference Count: 1
      Modified Time: 1514
      Debug: Off
      Object Name: 
      Observers: 
        none
      Pointer: 0x1480d1a2f010
      Container manages memory: true
      Size: 22478848
      Capacity: 22478848

     Weighting = 1
     Sampling strategy = regular
     Number of bins = 32
     Radius = 4
     Sampling percentage  = 0.25
   Transform = Rigid
     Gradient step = 0.1
     Update field sigma (voxel space) = 0
     Total field sigma (voxel space) = 0
     Update field time sigma = 0
     Total field time sigma  = 0
     Number of time indices = 0
     Number of time point samples = 0
Registration using 1 total stages.

Stage 0
  iterations = 1000x500x250x100
  convergence threshold = 1e-06
  convergence window size = 10
  number of levels = 4
  using the Mattes MI metric (number of bins = 32, weight = 1, use gradient filter = 0)
  preprocessing:  winsorizing the image intensities
  Shrink factors (level 1 out of 4): [8, 8, 8]
  Shrink factors (level 2 out of 4): [4, 4, 4]
  Shrink factors (level 3 out of 4): [2, 2, 2]
  Shrink factors (level 4 out of 4): [1, 1, 1]
  smoothing sigmas per level: [3, 2, 1, 0]
  regular sampling (percentage = 0.25)

*** Running Euler3DTransform registration ***

DIAGNOSTIC,Iteration,metricValue,convergenceValue,ITERATION_TIME_INDEX,SINCE_LAST
 2DIAGNOSTIC,     1, -2.559095323086e-01, inf, 5.8532e-01, 5.8532e-01, 
 2DIAGNOSTIC,     2, -2.592240869999e-01, inf, 5.8593e-01, 6.0916e-04, 
 2DIAGNOSTIC,     3, -2.663194239140e-01, inf, 5.8656e-01, 6.2895e-04, 
 2DIAGNOSTIC,     4, -2.749817669392e-01, inf, 5.8727e-01, 7.0786e-04, 
 2DIAGNOSTIC,     5, -2.757742702961e-01, inf, 5.8795e-01, 6.8402e-04, 
 2DIAGNOSTIC,     6, -2.762681245804e-01, inf, 5.8854e-01, 5.8818e-04, 
 2DIAGNOSTIC,     7, -2.769125998020e-01, inf, 5.8912e-01, 5.8484e-04, 
 2DIAGNOSTIC,     8, -2.785075008869e-01, inf, 5.8988e-01, 7.5889e-04, 
 2DIAGNOSTIC,     9, -2.782953381538e-01, inf, 5.9047e-01, 5.8889e-04, 
 2DIAGNOSTIC,    10, -2.793878912926e-01, 5.191204138100e-03, 5.9128e-01, 8.1396e-04, 
 2DIAGNOSTIC,    11, -2.835134863853e-01, 3.730548312888e-03, 5.9241e-01, 1.1270e-03, 
 2DIAGNOSTIC,    12, -2.805216908455e-01, 2.200047951192e-03, 5.9315e-01, 7.3791e-04, 
 2DIAGNOSTIC,    13, -2.811269164085e-01, 1.317323185503e-03, 5.9397e-01, 8.2088e-04, 
 2DIAGNOSTIC,    14, -2.819374501705e-01, 1.143891597167e-03, 5.9492e-01, 9.5010e-04, 
 2DIAGNOSTIC,    15, -2.821455001831e-01, 9.535089484416e-04, 5.9580e-01, 8.8000e-04, 
 2DIAGNOSTIC,    16, -2.821724414825e-01, 7.305881590582e-04, 5.9659e-01, 7.9298e-04, 
 2DIAGNOSTIC,    17, -2.821923494339e-01, 5.087317549624e-04, 5.9732e-01, 7.3099e-04, 
 2DIAGNOSTIC,    18, -2.822338938713e-01, 3.637131012511e-04, 5.9811e-01, 7.8321e-04, 
 2DIAGNOSTIC,    19, -2.823434472084e-01, 1.926348923007e-04, 5.9912e-01, 1.0180e-03, 
 2DIAGNOSTIC,    20, -2.855393886566e-01, 2.331731811864e-04, 6.0085e-01, 1.7281e-03, 
 2DIAGNOSTIC,    21, -2.855393588543e-01, 4.500534560066e-04, 6.0167e-01, 8.1301e-04, 
 2DIAGNOSTIC,    22, -2.855392992496e-01, 4.674881347455e-04, 6.0250e-01, 8.3399e-04, 
 2DIAGNOSTIC,    23, -2.855395674706e-01, 4.680574929807e-04, 6.0327e-01, 7.7200e-04, 
 2DIAGNOSTIC,    24, -2.855397462845e-01, 4.585138231050e-04, 6.0406e-01, 7.9203e-04, 
 2DIAGNOSTIC,    25, -2.855404317379e-01, 4.131661262363e-04, 6.0489e-01, 8.2922e-04, 
 2DIAGNOSTIC,    26, -2.855408489704e-01, 3.333518980071e-04, 6.0561e-01, 7.2098e-04, 
 2DIAGNOSTIC,    27, -2.855418622494e-01, 2.310814306838e-04, 6.0643e-01, 8.1301e-04, 
 2DIAGNOSTIC,    28, -2.855430245399e-01, 1.174393401016e-04, 6.0723e-01, 8.0395e-04, 
 2DIAGNOSTIC,    29, -2.855452597141e-01, 1.524972844891e-06, 6.0800e-01, 7.6890e-04, 
 2DIAGNOSTIC,    30, -2.855480015278e-01, 1.667642436587e-06, 6.0874e-01, 7.3886e-04, 
 2DIAGNOSTIC,    31, -2.855525612831e-01, 1.892421437333e-06, 6.0949e-01, 7.5006e-04, 
 2DIAGNOSTIC,    32, -2.855585217476e-01, 2.207143097621e-06, 6.1037e-01, 8.8096e-04, 
 2DIAGNOSTIC,    33, -2.855629026890e-01, 2.529072617108e-06, 6.1111e-01, 7.4506e-04, 
DIAGNOSTIC,Iteration,metricValue,convergenceValue,ITERATION_TIME_INDEX,SINCE_LAST
 2DIAGNOSTIC,     1, -7.410945743322e-02, inf, 1.2185e+00, 6.0736e-01, 
 2DIAGNOSTIC,     2, -7.530042529106e-02, inf, 1.2210e+00, 2.4841e-03, 
 2DIAGNOSTIC,     3, -7.741567492485e-02, inf, 1.2234e+00, 2.4469e-03, 
 2DIAGNOSTIC,     4, -7.866584509611e-02, inf, 1.2258e+00, 2.3470e-03, 
 2DIAGNOSTIC,     5, -7.920702546835e-02, inf, 1.2283e+00, 2.5110e-03, 
 2DIAGNOSTIC,     6, -8.130212873220e-02, inf, 1.2309e+00, 2.6059e-03, 
 2DIAGNOSTIC,     7, -8.644569665194e-02, inf, 1.2334e+00, 2.5001e-03, 
 2DIAGNOSTIC,     8, -8.999019861221e-02, inf, 1.2370e+00, 3.6199e-03, 
 2DIAGNOSTIC,     9, -9.050599485636e-02, inf, 1.2405e+00, 3.5398e-03, 
 2DIAGNOSTIC,    10, -9.047543257475e-02, 1.465749368072e-02, 1.2435e+00, 2.9390e-03, 
 2DIAGNOSTIC,    11, -9.042067080736e-02, 1.266911532730e-02, 1.2464e+00, 2.8811e-03, 
 2DIAGNOSTIC,    12, -9.049974381924e-02, 1.023179572076e-02, 1.2497e+00, 3.2990e-03, 
 2DIAGNOSTIC,    13, -9.041584283113e-02, 7.786820642650e-03, 1.2532e+00, 3.5970e-03, 
 2DIAGNOSTIC,    14, -9.042125195265e-02, 5.330432206392e-03, 1.2561e+00, 2.8989e-03, 
 2DIAGNOSTIC,    15, -9.032752364874e-02, 2.851044759154e-03, 1.2591e+00, 2.9099e-03, 
 2DIAGNOSTIC,    16, -9.031595289707e-02, 8.533232612535e-04, 1.2623e+00, 3.2759e-03, 
DIAGNOSTIC,Iteration,metricValue,convergenceValue,ITERATION_TIME_INDEX,SINCE_LAST
 2DIAGNOSTIC,     1, -4.445722699165e-02, inf, 2.0303e+00, 7.6799e-01, 
 2DIAGNOSTIC,     2, -4.500267282128e-02, inf, 2.0485e+00, 1.8187e-02, 
 2DIAGNOSTIC,     3, -4.555473104119e-02, inf, 2.0660e+00, 1.7472e-02, 
 2DIAGNOSTIC,     4, -4.636455327272e-02, inf, 2.0837e+00, 1.7677e-02, 
 2DIAGNOSTIC,     5, -4.702347889543e-02, inf, 2.1019e+00, 1.8230e-02, 
 2DIAGNOSTIC,     6, -4.869388416409e-02, inf, 2.1200e+00, 1.8075e-02, 
 2DIAGNOSTIC,     7, -5.049936100841e-02, inf, 2.1412e+00, 2.1233e-02, 
 2DIAGNOSTIC,     8, -5.214783921838e-02, inf, 2.1765e+00, 3.5340e-02, 
 2DIAGNOSTIC,     9, -5.229374021292e-02, inf, 2.2065e+00, 2.9922e-02, 
 2DIAGNOSTIC,    10, -5.230470374227e-02, 1.235676556826e-02, 2.2305e+00, 2.4017e-02, 
 2DIAGNOSTIC,    11, -5.228539556265e-02, 1.061288174242e-02, 2.2528e+00, 2.2274e-02, 
 2DIAGNOSTIC,    12, -5.227983742952e-02, 8.476636372507e-03, 2.2736e+00, 2.0880e-02, 
 2DIAGNOSTIC,    13, -5.224970728159e-02, 6.148879881948e-03, 2.2963e+00, 2.2659e-02, 
 2DIAGNOSTIC,    14, -5.225817486644e-02, 3.960586152971e-03, 2.3169e+00, 2.0636e-02, 
 2DIAGNOSTIC,    15, -5.224317312241e-02, 1.964212628081e-03, 2.3379e+00, 2.0933e-02, 
 2DIAGNOSTIC,    16, -5.223528668284e-02, 6.317183142528e-04, 2.3588e+00, 2.0930e-02, 
DIAGNOSTIC,Iteration,metricValue,convergenceValue,ITERATION_TIME_INDEX,SINCE_LAST
 2DIAGNOSTIC,     1, -3.430907428265e-02, inf, 3.9108e+00, 1.5520e+00, 
 2DIAGNOSTIC,     2, -3.441022336483e-02, inf, 4.0483e+00, 1.3751e-01, 
 2DIAGNOSTIC,     3, -3.452761843801e-02, inf, 4.1909e+00, 1.4260e-01, 
 2DIAGNOSTIC,     4, -3.452851995826e-02, inf, 4.3563e+00, 1.6535e-01, 
 2DIAGNOSTIC,     5, -3.454867377877e-02, inf, 4.5941e+00, 2.3788e-01, 
 2DIAGNOSTIC,     6, -3.454283624887e-02, inf, 4.7516e+00, 1.5748e-01, 
 2DIAGNOSTIC,     7, -3.454096242785e-02, inf, 4.8687e+00, 1.1708e-01, 
 2DIAGNOSTIC,     8, -3.453351557255e-02, inf, 5.0099e+00, 1.4117e-01, 
 2DIAGNOSTIC,     9, -3.453090041876e-02, inf, 5.1544e+00, 1.4456e-01, 
 2DIAGNOSTIC,    10, -3.451757878065e-02, 2.691970148589e-04, 5.2942e+00, 1.3975e-01, 
 2DIAGNOSTIC,    11, -3.451607376337e-02, 7.132051541703e-05, 5.4362e+00, 1.4205e-01, 
  Elapsed time (stage 0): 5.7231e+00


Total elapsed time: 5.7247e+00
Transforming MT-off to MNI
Transforming MT-on to MNI
