Loading spm/spm12
  Loading requirement: matlab/r2019a
Non-commercial use only - see $FSLDIR/LICENSE
N4 bias corrrection
Centring images
MATLAB is selecting SOFTWARE OPENGL rendering.

Written new image at:
	/home/tom29/rds/rds-pal_lab-WJZDLUY2Dhw/cbbu_BIDS/sub-37/anat/sub-37_acq-LC_mt-on_MTS_N4_centred.nii

MATLAB is selecting SOFTWARE OPENGL rendering.

Written new image at:
	/home/tom29/rds/rds-pal_lab-WJZDLUY2Dhw/cbbu_BIDS/sub-37/anat/sub-37_acq-LC_mt-off_MTS_N4_centred.nii

Registering MT-on to MT-off
All_Command_lines_OK
Using single precision for computations.
  number of levels = 4
  fixed image: /home/tom29/rds/rds-pal_lab-WJZDLUY2Dhw/cbbu_BIDS/sub-37/anat/sub-37_acq-LC_mt-off_MTS_N4_centred.nii.gz
  moving image: /home/tom29/rds/rds-pal_lab-WJZDLUY2Dhw/cbbu_BIDS/sub-37/anat/sub-37_acq-LC_mt-on_MTS_N4_centred.nii.gz
Dimension = 3
Number of stages = 1
Use histogram matching = false
Winsorize image intensities = true
  Lower quantile = 0.005
  Upper quantile = 0.995


Stage 1 State
   Image metric = MattesMI
     Fixed image = Image (0x4a5e590)
  RTTI typeinfo:   itk::Image<float, 3u>
  Reference Count: 2
  Modified Time: 1076
  Debug: Off
  Object Name: 
  Observers: 
    none
  Source: (none)
  Source output name: (none)
  Release Data: Off
  Data Released: False
  Global Release Data: Off
  PipelineMTime: 0
  UpdateMTime: 685
  RealTimeStamp: 0 seconds 
  LargestPossibleRegion: 
    Dimension: 3
    Index: [0, 0, 0]
    Size: [448, 448, 112]
  BufferedRegion: 
    Dimension: 3
    Index: [0, 0, 0]
    Size: [448, 448, 112]
  RequestedRegion: 
    Dimension: 3
    Index: [0, 0, 0]
    Size: [448, 448, 112]
  Spacing: [0.428571, 0.428571, 0.5]
  Origin: [95.5479, 121.125, -24.991]
  Direction: 
-0.999964 -0.00304337 0.00794339
0.000677791 -0.959346 -0.282232
0.0084794 -0.282216 0.959313

  IndexToPointMatrix: 
-0.428556 -0.0013043 0.0039717
0.000290482 -0.411148 -0.141116
0.00363403 -0.12095 0.479657

  PointToIndexMatrix: 
-2.33325 0.00158151 0.0197853
-0.0071012 -2.23847 -0.658505
0.0158868 -0.564464 1.91863

  Inverse Direction: 
-0.999964 0.00067779 0.0084794
-0.00304337 -0.959346 -0.282216
0.00794339 -0.282232 0.959313

  PixelContainer: 
    ImportImageContainer (0x4a4a900)
      RTTI typeinfo:   itk::ImportImageContainer<unsigned long, float>
      Reference Count: 1
      Modified Time: 682
      Debug: Off
      Object Name: 
      Observers: 
        none
      Pointer: 0x15302937c010
      Container manages memory: true
      Size: 22478848
      Capacity: 22478848

     Moving image = Image (0x4ac3ca0)
  RTTI typeinfo:   itk::Image<float, 3u>
  Reference Count: 2
  Modified Time: 1077
  Debug: Off
  Object Name: 
  Observers: 
    none
  Source: (none)
  Source output name: (none)
  Release Data: Off
  Data Released: False
  Global Release Data: Off
  PipelineMTime: 0
  UpdateMTime: 1074
  RealTimeStamp: 0 seconds 
  LargestPossibleRegion: 
    Dimension: 3
    Index: [0, 0, 0]
    Size: [448, 448, 112]
  BufferedRegion: 
    Dimension: 3
    Index: [0, 0, 0]
    Size: [448, 448, 112]
  RequestedRegion: 
    Dimension: 3
    Index: [0, 0, 0]
    Size: [448, 448, 112]
  Spacing: [0.428571, 0.428571, 0.5]
  Origin: [95.5479, 121.125, -24.991]
  Direction: 
-0.999964 -0.00304337 0.00794339
0.000677791 -0.959346 -0.282232
0.0084794 -0.282216 0.959313

  IndexToPointMatrix: 
-0.428556 -0.0013043 0.0039717
0.000290482 -0.411148 -0.141116
0.00363403 -0.12095 0.479657

  PointToIndexMatrix: 
-2.33325 0.00158151 0.0197853
-0.0071012 -2.23847 -0.658505
0.0158868 -0.564464 1.91863

  Inverse Direction: 
-0.999964 0.00067779 0.0084794
-0.00304337 -0.959346 -0.282216
0.00794339 -0.282232 0.959313

  PixelContainer: 
    ImportImageContainer (0x4a59a70)
      RTTI typeinfo:   itk::ImportImageContainer<unsigned long, float>
      Reference Count: 1
      Modified Time: 1071
      Debug: Off
      Object Name: 
      Observers: 
        none
      Pointer: 0x153023dbb010
      Container manages memory: true
      Size: 22478848
      Capacity: 22478848

     Weighting = 1
     Sampling strategy = regular
     Number of bins = 32
     Radius = 4
     Sampling percentage  = 0.25
   Transform = Rigid
     Gradient step = 0.1
     Update field sigma (voxel space) = 0
     Total field sigma (voxel space) = 0
     Update field time sigma = 0
     Total field time sigma  = 0
     Number of time indices = 0
     Number of time point samples = 0
Registration using 1 total stages.

Stage 0
  iterations = 1000x500x250x100
  convergence threshold = 1e-06
  convergence window size = 10
  number of levels = 4
  using the Mattes MI metric (number of bins = 32, weight = 1, use gradient filter = 0)
  preprocessing:  winsorizing the image intensities
  Shrink factors (level 1 out of 4): [8, 8, 7]
  Shrink factors (level 2 out of 4): [4, 4, 3]
  Shrink factors (level 3 out of 4): [2, 2, 2]
  Shrink factors (level 4 out of 4): [1, 1, 1]
  smoothing sigmas per level: [3, 2, 1, 0]
  regular sampling (percentage = 0.25)

*** Running Euler3DTransform registration ***

DIAGNOSTIC,Iteration,metricValue,convergenceValue,ITERATION_TIME_INDEX,SINCE_LAST
 2DIAGNOSTIC,     1, -1.342446565628e+00, inf, 9.9853e-01, 9.9853e-01, 
 2DIAGNOSTIC,     2, -1.347183704376e+00, inf, 1.0021e+00, 3.6190e-03, 
 2DIAGNOSTIC,     3, -1.348507165909e+00, inf, 1.0059e+00, 3.7889e-03, 
 2DIAGNOSTIC,     4, -1.349182009697e+00, inf, 1.0095e+00, 3.5911e-03, 
 2DIAGNOSTIC,     5, -1.349664807320e+00, inf, 1.0130e+00, 3.4640e-03, 
 2DIAGNOSTIC,     6, -1.349813580513e+00, inf, 1.0161e+00, 3.1061e-03, 
 2DIAGNOSTIC,     7, -1.349835753441e+00, inf, 1.0196e+00, 3.5081e-03, 
 2DIAGNOSTIC,     8, -1.349852204323e+00, inf, 1.0232e+00, 3.6452e-03, 
 2DIAGNOSTIC,     9, -1.349913120270e+00, inf, 1.0270e+00, 3.7680e-03, 
 2DIAGNOSTIC,    10, -1.349915385246e+00, 2.376799675403e-04, 1.0994e+00, 7.2358e-02, 
 2DIAGNOSTIC,    11, -1.349917292595e+00, 9.040604345500e-05, 1.1028e+00, 3.4420e-03, 
 2DIAGNOSTIC,    12, -1.349918127060e+00, 4.265879761078e-05, 1.1065e+00, 3.7100e-03, 
 2DIAGNOSTIC,    13, -1.349917173386e+00, 1.989588599827e-05, 1.1100e+00, 3.5198e-03, 
 2DIAGNOSTIC,    14, -1.349916934967e+00, 8.762955985731e-06, 1.1136e+00, 3.5250e-03, 
 2DIAGNOSTIC,    15, -1.349916696548e+00, 5.244300155027e-06, 1.1173e+00, 3.6900e-03, 
 2DIAGNOSTIC,    16, -1.349916696548e+00, 3.844849288726e-06, 1.1208e+00, 3.5770e-03, 
 2DIAGNOSTIC,    17, -1.349918007851e+00, 2.733731435001e-06, 1.1243e+00, 3.4230e-03, 
 2DIAGNOSTIC,    18, -1.349918246269e+00, 1.841778498601e-06, 1.1277e+00, 3.4280e-03, 
 2DIAGNOSTIC,    19, -1.349917411804e+00, 1.702917529656e-06, 1.1312e+00, 3.5360e-03, 
 2DIAGNOSTIC,    20, -1.349918246269e+00, 1.607926833458e-06, 1.1350e+00, 3.7279e-03, 
 2DIAGNOSTIC,    21, -1.349918603897e+00, 1.542415702716e-06, 1.1385e+00, 3.5560e-03, 
 2DIAGNOSTIC,    22, -1.349918603897e+00, 1.488178895670e-06, 1.1420e+00, 3.5288e-03, 
 2DIAGNOSTIC,    23, -1.349919199944e+00, 1.431635610061e-06, 1.1459e+00, 3.8350e-03, 
 2DIAGNOSTIC,    24, -1.349918246269e+00, 1.365080720461e-06, 1.1496e+00, 3.7611e-03, 
 2DIAGNOSTIC,    25, -1.349918603897e+00, 1.301533870901e-06, 1.1532e+00, 3.5999e-03, 
 2DIAGNOSTIC,    26, -1.349918603897e+00, 1.239619223270e-06, 1.1584e+00, 5.1799e-03, 
 2DIAGNOSTIC,    27, -1.349919080734e+00, 1.194619585476e-06, 1.1620e+00, 3.6120e-03, 
 2DIAGNOSTIC,    28, -1.349918842316e+00, 1.151513060904e-06, 1.1656e+00, 3.5582e-03, 
 2DIAGNOSTIC,    29, -1.349918603897e+00, 1.102206169890e-06, 1.1692e+00, 3.6261e-03, 
 2DIAGNOSTIC,    30, -1.349918842316e+00, 1.063312538463e-06, 1.1731e+00, 3.8469e-03, 
 2DIAGNOSTIC,    31, -1.349918603897e+00, 1.027318148772e-06, 1.1765e+00, 3.4752e-03, 
DIAGNOSTIC,Iteration,metricValue,convergenceValue,ITERATION_TIME_INDEX,SINCE_LAST
 2DIAGNOSTIC,     1, -1.253781676292e+00, inf, 1.8167e+00, 6.4015e-01, 
 2DIAGNOSTIC,     2, -1.254390835762e+00, inf, 1.8651e+00, 4.8411e-02, 
 2DIAGNOSTIC,     3, -1.254478812218e+00, inf, 1.9122e+00, 4.7149e-02, 
 2DIAGNOSTIC,     4, -1.254508852959e+00, inf, 1.9535e+00, 4.1258e-02, 
 2DIAGNOSTIC,     5, -1.254549741745e+00, inf, 1.9969e+00, 4.3435e-02, 
 2DIAGNOSTIC,     6, -1.254593014717e+00, inf, 2.0559e+00, 5.9004e-02, 
 2DIAGNOSTIC,     7, -1.254593133926e+00, inf, 2.1012e+00, 4.5256e-02, 
 2DIAGNOSTIC,     8, -1.254595756531e+00, inf, 2.1474e+00, 4.6232e-02, 
 2DIAGNOSTIC,     9, -1.254596233368e+00, inf, 2.1942e+00, 4.6790e-02, 
 2DIAGNOSTIC,    10, -1.254593610764e+00, 2.855507409549e-05, 2.2384e+00, 4.4223e-02, 
 2DIAGNOSTIC,    11, -1.254588484764e+00, 1.073478961189e-05, 2.2928e+00, 5.4384e-02, 
 2DIAGNOSTIC,    12, -1.254588723183e+00, 6.657575340796e-06, 2.3470e+00, 5.4151e-02, 
 2DIAGNOSTIC,    13, -1.254588365555e+00, 4.375999196782e-06, 2.3919e+00, 4.4899e-02, 
 2DIAGNOSTIC,    14, -1.254588484764e+00, 2.721472583289e-06, 2.4377e+00, 4.5822e-02, 
 2DIAGNOSTIC,    15, -1.254588723183e+00, 1.850515559454e-06, 2.4839e+00, 4.6179e-02, 
 2DIAGNOSTIC,    16, -1.254588246346e+00, 1.720889599710e-06, 2.5303e+00, 4.6392e-02, 
 2DIAGNOSTIC,    17, -1.254588723183e+00, 1.638041226215e-06, 2.5815e+00, 5.1216e-02, 
 2DIAGNOSTIC,    18, -1.254588484764e+00, 1.614194502508e-06, 2.6302e+00, 4.8710e-02, 
 2DIAGNOSTIC,    19, -1.254588365555e+00, 1.611555944692e-06, 2.6747e+00, 4.4486e-02, 
 2DIAGNOSTIC,    20, -1.254588603973e+00, 1.589699877513e-06, 2.7215e+00, 4.6773e-02, 
 2DIAGNOSTIC,    21, -1.254588961601e+00, 1.518392878097e-06, 2.7733e+00, 5.1841e-02, 
 2DIAGNOSTIC,    22, -1.254588961601e+00, 1.455700498809e-06, 2.8191e+00, 4.5780e-02, 
 2DIAGNOSTIC,    23, -1.254589200020e+00, 1.396400080012e-06, 2.8641e+00, 4.4986e-02, 
 2DIAGNOSTIC,    24, -1.254588842392e+00, 1.338508582194e-06, 2.9107e+00, 4.6591e-02, 
 2DIAGNOSTIC,    25, -1.254588961601e+00, 1.287479562961e-06, 2.9574e+00, 4.6755e-02, 
 2DIAGNOSTIC,    26, -1.254589080811e+00, 1.235590957549e-06, 3.0032e+00, 4.5819e-02, 
 2DIAGNOSTIC,    27, -1.254589080811e+00, 1.190402144857e-06, 3.0483e+00, 4.5099e-02, 
 2DIAGNOSTIC,    28, -1.254589080811e+00, 1.145464011643e-06, 3.0962e+00, 4.7905e-02, 
 2DIAGNOSTIC,    29, -1.254588961601e+00, 1.100911163121e-06, 3.1427e+00, 4.6497e-02, 
 2DIAGNOSTIC,    30, -1.254588723183e+00, 1.058921498043e-06, 3.1905e+00, 4.7725e-02, 
 2DIAGNOSTIC,    31, -1.254588723183e+00, 1.022390733851e-06, 3.2340e+00, 4.3599e-02, 
DIAGNOSTIC,Iteration,metricValue,convergenceValue,ITERATION_TIME_INDEX,SINCE_LAST
 2DIAGNOSTIC,     1, -1.149490714073e+00, inf, 4.2520e+00, 1.0180e+00, 
 2DIAGNOSTIC,     2, -1.149915695190e+00, inf, 4.4285e+00, 1.7646e-01, 
 2DIAGNOSTIC,     3, -1.149951577187e+00, inf, 4.6640e+00, 2.3554e-01, 
 2DIAGNOSTIC,     4, -1.149953961372e+00, inf, 4.8506e+00, 1.8655e-01, 
 2DIAGNOSTIC,     5, -1.149962425232e+00, inf, 5.0543e+00, 2.0375e-01, 
 2DIAGNOSTIC,     6, -1.149986147881e+00, inf, 5.2607e+00, 2.0638e-01, 
 2DIAGNOSTIC,     7, -1.149984478951e+00, inf, 5.4624e+00, 2.0168e-01, 
 2DIAGNOSTIC,     8, -1.149988889694e+00, inf, 5.6346e+00, 1.7227e-01, 
 2DIAGNOSTIC,     9, -1.149994015694e+00, inf, 5.8386e+00, 2.0395e-01, 
 2DIAGNOSTIC,    10, -1.149997591972e+00, 1.849642103480e-05, 6.0423e+00, 2.0374e-01, 
 2DIAGNOSTIC,    11, -1.149997949600e+00, 6.546550594067e-06, 6.4147e+00, 3.7233e-01, 
 2DIAGNOSTIC,    12, -1.149998545647e+00, 5.009031156078e-06, 6.6148e+00, 2.0012e-01, 
 2DIAGNOSTIC,    13, -1.149999976158e+00, 4.211728537484e-06, 6.8864e+00, 2.7156e-01, 
 2DIAGNOSTIC,    14, -1.149999737740e+00, 3.403664095458e-06, 7.0924e+00, 2.0604e-01, 
 2DIAGNOSTIC,    15, -1.149999380112e+00, 2.722485533013e-06, 7.2882e+00, 1.9580e-01, 
 2DIAGNOSTIC,    16, -1.149999141693e+00, 2.437027205815e-06, 7.4912e+00, 2.0302e-01, 
 2DIAGNOSTIC,    17, -1.149999260902e+00, 2.120947328876e-06, 7.6954e+00, 2.0420e-01, 
 2DIAGNOSTIC,    18, -1.149999022484e+00, 1.872347183962e-06, 7.8908e+00, 1.9540e-01, 
 2DIAGNOSTIC,    19, -1.149999022484e+00, 1.705763452264e-06, 8.1151e+00, 2.2426e-01, 
 2DIAGNOSTIC,    20, -1.149999022484e+00, 1.597440814294e-06, 8.3449e+00, 2.2986e-01, 
 2DIAGNOSTIC,    21, -1.149998903275e+00, 1.501567112427e-06, 8.5564e+00, 2.1150e-01, 
 2DIAGNOSTIC,    22, -1.149998903275e+00, 1.421818751624e-06, 8.7513e+00, 1.9490e-01, 
 2DIAGNOSTIC,    23, -1.149998903275e+00, 1.366642777612e-06, 8.9519e+00, 2.0057e-01, 
 2DIAGNOSTIC,    24, -1.149998784065e+00, 1.314008272857e-06, 9.1487e+00, 1.9680e-01, 
 2DIAGNOSTIC,    25, -1.149998784065e+00, 1.263205149371e-06, 9.3482e+00, 1.9950e-01, 
 2DIAGNOSTIC,    26, -1.149998784065e+00, 1.214856979459e-06, 9.5432e+00, 1.9498e-01, 
 2DIAGNOSTIC,    27, -1.149998784065e+00, 1.172043539555e-06, 9.7431e+00, 1.9988e-01, 
 2DIAGNOSTIC,    28, -1.149998784065e+00, 1.130748842115e-06, 9.9367e+00, 1.9360e-01, 
 2DIAGNOSTIC,    29, -1.149999022484e+00, 1.094843696592e-06, 1.0158e+01, 2.2132e-01, 
 2DIAGNOSTIC,    30, -1.149999022484e+00, 1.061504235622e-06, 1.0358e+01, 2.0029e-01, 
 2DIAGNOSTIC,    31, -1.149999022484e+00, 1.029263898999e-06, 1.0556e+01, 1.9817e-01, 
DIAGNOSTIC,Iteration,metricValue,convergenceValue,ITERATION_TIME_INDEX,SINCE_LAST
 2DIAGNOSTIC,     1, -1.006380915642e+00, inf, 1.3329e+01, 2.7729e+00, 
 2DIAGNOSTIC,     2, -1.006767392159e+00, inf, 1.4327e+01, 9.9769e-01, 
 2DIAGNOSTIC,     3, -1.006867766380e+00, inf, 1.5435e+01, 1.1079e+00, 
 2DIAGNOSTIC,     4, -1.006938219070e+00, inf, 1.6435e+01, 1.0002e+00, 
 2DIAGNOSTIC,     5, -1.007002949715e+00, inf, 1.7682e+01, 1.2470e+00, 
 2DIAGNOSTIC,     6, -1.007042169571e+00, inf, 1.9129e+01, 1.4467e+00, 
 2DIAGNOSTIC,     7, -1.007043480873e+00, inf, 2.0224e+01, 1.0948e+00, 
 2DIAGNOSTIC,     8, -1.007044553757e+00, inf, 2.1258e+01, 1.0341e+00, 
 2DIAGNOSTIC,     9, -1.007044911385e+00, inf, 2.2364e+01, 1.1065e+00, 
 2DIAGNOSTIC,    10, -1.007044672966e+00, 3.383277362445e-05, 2.3320e+01, 9.5611e-01, 
 2DIAGNOSTIC,    11, -1.007045984268e+00, 1.643223367864e-05, 2.4336e+01, 1.0155e+00, 
 2DIAGNOSTIC,    12, -1.007050514221e+00, 9.887107808026e-06, 2.5445e+01, 1.1094e+00, 
 2DIAGNOSTIC,    13, -1.007052898407e+00, 5.910604613746e-06, 2.6533e+01, 1.0881e+00, 
 2DIAGNOSTIC,    14, -1.007058024406e+00, 3.683859858938e-06, 2.7692e+01, 1.1587e+00, 
 2DIAGNOSTIC,    15, -1.007059216499e+00, 2.844195932994e-06, 2.8679e+01, 9.8728e-01, 
 2DIAGNOSTIC,    16, -1.007068157196e+00, 2.892888232964e-06, 3.0855e+01, 2.1755e+00, 
 2DIAGNOSTIC,    17, -1.007068872452e+00, 2.881597538362e-06, 3.2003e+01, 1.1483e+00, 
 2DIAGNOSTIC,    18, -1.007068276405e+00, 2.786311597447e-06, 3.3141e+01, 1.1380e+00, 
 2DIAGNOSTIC,    19, -1.007067918777e+00, 2.609130888231e-06, 3.4248e+01, 1.1066e+00, 
 2DIAGNOSTIC,    20, -1.007067322731e+00, 2.350995373490e-06, 3.5416e+01, 1.1685e+00, 
 2DIAGNOSTIC,    21, -1.007067322731e+00, 2.061917030005e-06, 3.6556e+01, 1.1395e+00, 
 2DIAGNOSTIC,    22, -1.007067322731e+00, 1.805598685678e-06, 3.7696e+01, 1.1399e+00, 
 2DIAGNOSTIC,    23, -1.007066965103e+00, 1.562944135003e-06, 3.8848e+01, 1.1522e+00, 
 2DIAGNOSTIC,    24, -1.007066726685e+00, 1.382380560244e-06, 4.0128e+01, 1.2802e+00, 
 2DIAGNOSTIC,    25, -1.007066726685e+00, 1.221629304382e-06, 4.1550e+01, 1.4225e+00, 
 2DIAGNOSTIC,    26, -1.007066726685e+00, 1.174644580715e-06, 4.2741e+01, 1.1906e+00, 
 2DIAGNOSTIC,    27, -1.007066845894e+00, 1.144473230852e-06, 4.3881e+01, 1.1399e+00, 
 2DIAGNOSTIC,    28, -1.007066845894e+00, 1.113697976507e-06, 4.4981e+01, 1.0997e+00, 
 2DIAGNOSTIC,    29, -1.007066607475e+00, 1.081595769392e-06, 4.6183e+01, 1.2019e+00, 
 2DIAGNOSTIC,    30, -1.007066607475e+00, 1.047514274433e-06, 4.7314e+01, 1.1316e+00, 
 2DIAGNOSTIC,    31, -1.007066607475e+00, 1.016745272864e-06, 4.8448e+01, 1.1340e+00, 
  Elapsed time (stage 0): 5.0034e+01


Total elapsed time: 5.0052e+01
Registering MT-off to MP2RAGE
All_Command_lines_OK
Using single precision for computations.
  Reading mask(s).
    Registration stage 0
      Fixed mask = /home/tom29/rds/rds-pal_lab-WJZDLUY2Dhw/cbbu_BIDS/sub-37/anat/sub-37_mask_centred.nii.gz
 file NULL does not exist . 
      No moving mask
  number of levels = 4
  fixed image: /home/tom29/rds/rds-pal_lab-WJZDLUY2Dhw/cbbu_BIDS/sub-37/anat/sub-37_acq-whole_UNI_MP2RAGE_brain_N4_centred.nii.gz
  moving image: /home/tom29/rds/rds-pal_lab-WJZDLUY2Dhw/cbbu_BIDS/sub-37/anat/sub-37_acq-LC_mt-off_MTS_N4_centred.nii.gz
Dimension = 3
Number of stages = 1
Use histogram matching = false
Winsorize image intensities = true
  Lower quantile = 0.005
  Upper quantile = 0.995


Stage 1 State
   Image metric = MattesMI
     Fixed image = Image (0x42fcf50)
  RTTI typeinfo:   itk::Image<float, 3u>
  Reference Count: 2
  Modified Time: 1519
  Debug: Off
  Object Name: 
  Observers: 
    none
  Source: (none)
  Source output name: (none)
  Release Data: Off
  Data Released: False
  Global Release Data: Off
  PipelineMTime: 0
  UpdateMTime: 1128
  RealTimeStamp: 0 seconds 
  LargestPossibleRegion: 
    Dimension: 3
    Index: [0, 0, 0]
    Size: [224, 300, 320]
  BufferedRegion: 
    Dimension: 3
    Index: [0, 0, 0]
    Size: [224, 300, 320]
  RequestedRegion: 
    Dimension: 3
    Index: [0, 0, 0]
    Size: [224, 300, 320]
  Spacing: [0.75, 0.75, 0.75]
  Origin: [83.0863, 146.916, -76.559]
  Direction: 
-0.999952 -0.00582908 0.00784304
0.00321836 -0.954277 -0.298908
0.00922679 -0.298868 0.95425

  IndexToPointMatrix: 
-0.749964 -0.00437181 0.00588228
0.00241377 -0.715707 -0.224181
0.00692009 -0.224151 0.715687

  PointToIndexMatrix: 
-1.33327 0.00429115 0.0123024
-0.0077721 -1.27237 -0.398491
0.0104574 -0.398544 1.27233

  Inverse Direction: 
-0.999952 0.00321836 0.00922679
-0.00582908 -0.954277 -0.298868
0.00784304 -0.298908 0.95425

  PixelContainer: 
    ImportImageContainer (0x42ed5c0)
      RTTI typeinfo:   itk::ImportImageContainer<unsigned long, float>
      Reference Count: 1
      Modified Time: 1125
      Debug: Off
      Object Name: 
      Observers: 
        none
      Pointer: 0x150f4d06e010
      Container manages memory: true
      Size: 21504000
      Capacity: 21504000

     Moving image = Image (0x433eeb0)
  RTTI typeinfo:   itk::Image<float, 3u>
  Reference Count: 2
  Modified Time: 1520
  Debug: Off
  Object Name: 
  Observers: 
    none
  Source: (none)
  Source output name: (none)
  Release Data: Off
  Data Released: False
  Global Release Data: Off
  PipelineMTime: 0
  UpdateMTime: 1517
  RealTimeStamp: 0 seconds 
  LargestPossibleRegion: 
    Dimension: 3
    Index: [0, 0, 0]
    Size: [448, 448, 112]
  BufferedRegion: 
    Dimension: 3
    Index: [0, 0, 0]
    Size: [448, 448, 112]
  RequestedRegion: 
    Dimension: 3
    Index: [0, 0, 0]
    Size: [448, 448, 112]
  Spacing: [0.428571, 0.428571, 0.5]
  Origin: [95.5479, 121.125, -24.991]
  Direction: 
-0.999964 -0.00304337 0.00794339
0.000677791 -0.959346 -0.282232
0.0084794 -0.282216 0.959313

  IndexToPointMatrix: 
-0.428556 -0.0013043 0.0039717
0.000290482 -0.411148 -0.141116
0.00363403 -0.12095 0.479657

  PointToIndexMatrix: 
-2.33325 0.00158151 0.0197853
-0.0071012 -2.23847 -0.658505
0.0158868 -0.564464 1.91863

  Inverse Direction: 
-0.999964 0.00067779 0.0084794
-0.00304337 -0.959346 -0.282216
0.00794339 -0.282232 0.959313

  PixelContainer: 
    ImportImageContainer (0x42ef460)
      RTTI typeinfo:   itk::ImportImageContainer<unsigned long, float>
      Reference Count: 1
      Modified Time: 1514
      Debug: Off
      Object Name: 
      Observers: 
        none
      Pointer: 0x150f47aad010
      Container manages memory: true
      Size: 22478848
      Capacity: 22478848

     Weighting = 1
     Sampling strategy = regular
     Number of bins = 32
     Radius = 4
     Sampling percentage  = 0.25
   Transform = Rigid
     Gradient step = 0.1
     Update field sigma (voxel space) = 0
     Total field sigma (voxel space) = 0
     Update field time sigma = 0
     Total field time sigma  = 0
     Number of time indices = 0
     Number of time point samples = 0
Registration using 1 total stages.

Stage 0
  iterations = 1000x500x250x100
  convergence threshold = 1e-06
  convergence window size = 10
  number of levels = 4
  using the Mattes MI metric (number of bins = 32, weight = 1, use gradient filter = 0)
  preprocessing:  winsorizing the image intensities
  Shrink factors (level 1 out of 4): [8, 8, 8]
  Shrink factors (level 2 out of 4): [4, 4, 4]
  Shrink factors (level 3 out of 4): [2, 2, 2]
  Shrink factors (level 4 out of 4): [1, 1, 1]
  smoothing sigmas per level: [3, 2, 1, 0]
  regular sampling (percentage = 0.25)

*** Running Euler3DTransform registration ***

DIAGNOSTIC,Iteration,metricValue,convergenceValue,ITERATION_TIME_INDEX,SINCE_LAST
 2DIAGNOSTIC,     1, -2.738394141197e-01, inf, 4.7507e-01, 4.7507e-01, 
 2DIAGNOSTIC,     2, -2.785516083241e-01, inf, 4.7575e-01, 6.8521e-04, 
 2DIAGNOSTIC,     3, -2.819535434246e-01, inf, 4.7645e-01, 7.0310e-04, 
 2DIAGNOSTIC,     4, -2.822768390179e-01, inf, 4.7738e-01, 9.2506e-04, 
 2DIAGNOSTIC,     5, -2.826743721962e-01, inf, 4.7809e-01, 7.1001e-04, 
 2DIAGNOSTIC,     6, -2.833004891872e-01, inf, 4.7872e-01, 6.3205e-04, 
 2DIAGNOSTIC,     7, -2.907369434834e-01, inf, 4.7956e-01, 8.4305e-04, 
 2DIAGNOSTIC,     8, -2.970604896545e-01, inf, 4.8030e-01, 7.3290e-04, 
 2DIAGNOSTIC,     9, -3.009245693684e-01, inf, 4.8100e-01, 6.9785e-04, 
 2DIAGNOSTIC,    10, -3.011991381645e-01, 6.094430573285e-03, 4.8180e-01, 8.0299e-04, 
 2DIAGNOSTIC,    11, -3.013206124306e-01, 5.431302357465e-03, 4.8273e-01, 9.3389e-04, 
 2DIAGNOSTIC,    12, -3.000179529190e-01, 4.664444830269e-03, 4.8368e-01, 9.4604e-04, 
 2DIAGNOSTIC,    13, -3.016019165516e-01, 3.966050222516e-03, 4.8446e-01, 7.8678e-04, 
 2DIAGNOSTIC,    14, -3.017615973949e-01, 3.043320961297e-03, 4.8534e-01, 8.7500e-04, 
 2DIAGNOSTIC,    15, -3.018837869167e-01, 2.014123834670e-03, 4.8648e-01, 1.1389e-03, 
 2DIAGNOSTIC,    16, -3.019182384014e-01, 9.707594872452e-04, 4.8724e-01, 7.6318e-04, 
 2DIAGNOSTIC,    17, -3.020102083683e-01, 3.878379939124e-04, 4.8801e-01, 7.7105e-04, 
 2DIAGNOSTIC,    18, -3.002148568630e-01, 7.259330595843e-05, 4.8883e-01, 8.1897e-04, 
DIAGNOSTIC,Iteration,metricValue,convergenceValue,ITERATION_TIME_INDEX,SINCE_LAST
 2DIAGNOSTIC,     1, -7.572748512030e-02, inf, 1.0054e+00, 5.1660e-01, 
 2DIAGNOSTIC,     2, -7.608466595411e-02, inf, 1.0076e+00, 2.1889e-03, 
 2DIAGNOSTIC,     3, -7.613768428564e-02, inf, 1.0101e+00, 2.4378e-03, 
 2DIAGNOSTIC,     4, -7.724890112877e-02, inf, 1.0126e+00, 2.5170e-03, 
 2DIAGNOSTIC,     5, -7.842289656401e-02, inf, 1.0146e+00, 2.0580e-03, 
 2DIAGNOSTIC,     6, -7.920659333467e-02, inf, 1.0172e+00, 2.5389e-03, 
 2DIAGNOSTIC,     7, -8.061709254980e-02, inf, 1.0203e+00, 3.0961e-03, 
 2DIAGNOSTIC,     8, -8.525605499744e-02, inf, 1.0238e+00, 3.5651e-03, 
 2DIAGNOSTIC,     9, -8.591670542955e-02, inf, 1.0267e+00, 2.8241e-03, 
 2DIAGNOSTIC,    10, -8.598911017179e-02, 9.572191163898e-03, 1.0292e+00, 2.5611e-03, 
 2DIAGNOSTIC,    11, -8.598913252354e-02, 8.984933607280e-03, 1.0315e+00, 2.2790e-03, 
 2DIAGNOSTIC,    12, -8.599582314491e-02, 7.806457113475e-03, 1.0340e+00, 2.4612e-03, 
 2DIAGNOSTIC,    13, -8.613683283329e-02, 6.145262625068e-03, 1.0365e+00, 2.5699e-03, 
 2DIAGNOSTIC,    14, -8.637433499098e-02, 4.503828007728e-03, 1.0389e+00, 2.3241e-03, 
 2DIAGNOSTIC,    15, -8.634398877621e-02, 2.961433259770e-03, 1.0411e+00, 2.2571e-03, 
 2DIAGNOSTIC,    16, -8.671041578054e-02, 1.605167984962e-03, 1.0434e+00, 2.2430e-03, 
 2DIAGNOSTIC,    17, -8.694784343243e-02, 5.758726038039e-04, 1.0458e+00, 2.4500e-03, 
 2DIAGNOSTIC,    18, -8.704397827387e-02, 5.109766498208e-04, 1.0480e+00, 2.2070e-03, 
 2DIAGNOSTIC,    19, -8.710850030184e-02, 5.366127006710e-04, 1.0503e+00, 2.2409e-03, 
 2DIAGNOSTIC,    20, -8.725981414318e-02, 5.487399175763e-04, 1.0528e+00, 2.5201e-03, 
 2DIAGNOSTIC,    21, -8.739204704762e-02, 5.296253366396e-04, 1.0550e+00, 2.2352e-03, 
 2DIAGNOSTIC,    22, -8.836264908314e-02, 6.123595521785e-04, 1.0575e+00, 2.5001e-03, 
 2DIAGNOSTIC,    23, -8.863853663206e-02, 6.877058767714e-04, 1.0610e+00, 3.4690e-03, 
 2DIAGNOSTIC,    24, -8.837917447090e-02, 6.911155069247e-04, 1.0634e+00, 2.4681e-03, 
 2DIAGNOSTIC,    25, -8.860138058662e-02, 6.577211897820e-04, 1.0657e+00, 2.2290e-03, 
 2DIAGNOSTIC,    26, -8.901419490576e-02, 6.640325882472e-04, 1.0682e+00, 2.5380e-03, 
 2DIAGNOSTIC,    27, -8.953247964382e-02, 6.975214928389e-04, 1.0704e+00, 2.1541e-03, 
 2DIAGNOSTIC,    28, -8.962892740965e-02, 6.845878669992e-04, 1.0732e+00, 2.8260e-03, 
 2DIAGNOSTIC,    29, -8.970551937819e-02, 6.273975595832e-04, 1.0757e+00, 2.5401e-03, 
 2DIAGNOSTIC,    30, -8.972048014402e-02, 5.353299784474e-04, 1.0782e+00, 2.4669e-03, 
 2DIAGNOSTIC,    31, -8.977162092924e-02, 4.148064181209e-04, 1.0805e+00, 2.3320e-03, 
 2DIAGNOSTIC,    32, -8.984194695950e-02, 3.693306061905e-04, 1.0830e+00, 2.4920e-03, 
 2DIAGNOSTIC,    33, -8.968982100487e-02, 3.055282286368e-04, 1.0856e+00, 2.5599e-03, 
 2DIAGNOSTIC,    34, -8.997204154730e-02, 2.200990711572e-04, 1.0881e+00, 2.5210e-03, 
 2DIAGNOSTIC,    35, -8.998674154282e-02, 1.401246699970e-04, 1.0904e+00, 2.2528e-03, 
 2DIAGNOSTIC,    36, -8.980038017035e-02, 7.117899804143e-05, 1.0925e+00, 2.1069e-03, 
 2DIAGNOSTIC,    37, -9.023243188858e-02, 8.493750647176e-05, 1.0949e+00, 2.4500e-03, 
 2DIAGNOSTIC,    38, -8.975735306740e-02, 5.585454346146e-05, 1.0978e+00, 2.8501e-03, 
 2DIAGNOSTIC,    39, -9.035832434893e-02, 8.139655983541e-05, 1.1004e+00, 2.6622e-03, 
 2DIAGNOSTIC,    40, -9.036122262478e-02, 9.778918320080e-05, 1.1030e+00, 2.5852e-03, 
 2DIAGNOSTIC,    41, -9.041464328766e-02, 1.126136048697e-04, 1.1057e+00, 2.6538e-03, 
 2DIAGNOSTIC,    42, -9.025122225285e-02, 1.096654013963e-04, 1.1083e+00, 2.5918e-03, 
 2DIAGNOSTIC,    43, -9.071779251099e-02, 1.203234060085e-04, 1.1107e+00, 2.4030e-03, 
 2DIAGNOSTIC,    44, -9.146999567747e-02, 1.946615520865e-04, 1.1131e+00, 2.4660e-03, 
 2DIAGNOSTIC,    45, -9.187996387482e-02, 2.765121171251e-04, 1.1157e+00, 2.6159e-03, 
 2DIAGNOSTIC,    46, -9.186504781246e-02, 3.136948507745e-04, 1.1193e+00, 3.6020e-03, 
 2DIAGNOSTIC,    47, -9.194348007441e-02, 3.574478032533e-04, 1.1254e+00, 6.0282e-03, 
 2DIAGNOSTIC,    48, -9.194348007441e-02, 3.313888446428e-04, 1.1279e+00, 2.5282e-03, 
 2DIAGNOSTIC,    49, -9.194380044937e-02, 3.135934239253e-04, 1.1301e+00, 2.1830e-03, 
 2DIAGNOSTIC,    50, -9.194415062666e-02, 2.665145148057e-04, 1.1323e+00, 2.1961e-03, 
 2DIAGNOSTIC,    51, -9.194490313530e-02, 2.006961876759e-04, 1.1346e+00, 2.2810e-03, 
 2DIAGNOSTIC,    52, -9.194614738226e-02, 1.083100505639e-04, 1.1368e+00, 2.2440e-03, 
 2DIAGNOSTIC,    53, -9.194823354483e-02, 3.687864227686e-05, 1.1392e+00, 2.3632e-03, 
 2DIAGNOSTIC,    54, -9.195183217525e-02, 9.443869203096e-06, 1.1414e+00, 2.2008e-03, 
 2DIAGNOSTIC,    55, -9.197098016739e-02, 7.537290912296e-06, 1.1437e+00, 2.3599e-03, 
DIAGNOSTIC,Iteration,metricValue,convergenceValue,ITERATION_TIME_INDEX,SINCE_LAST
 2DIAGNOSTIC,     1, -4.217201098800e-02, inf, 1.7774e+00, 6.3369e-01, 
 2DIAGNOSTIC,     2, -4.304670915008e-02, inf, 1.7921e+00, 1.4677e-02, 
 2DIAGNOSTIC,     3, -4.429446533322e-02, inf, 1.8077e+00, 1.5602e-02, 
 2DIAGNOSTIC,     4, -4.512304440141e-02, inf, 1.8280e+00, 2.0282e-02, 
 2DIAGNOSTIC,     5, -4.524846002460e-02, inf, 1.8437e+00, 1.5675e-02, 
 2DIAGNOSTIC,     6, -4.528333991766e-02, inf, 1.8597e+00, 1.6010e-02, 
 2DIAGNOSTIC,     7, -4.529768601060e-02, inf, 1.8763e+00, 1.6583e-02, 
 2DIAGNOSTIC,     8, -4.530084505677e-02, inf, 1.8922e+00, 1.5918e-02, 
 2DIAGNOSTIC,     9, -4.528269171715e-02, inf, 1.9080e+00, 1.5797e-02, 
 2DIAGNOSTIC,    10, -4.528389871120e-02, 3.734099678695e-03, 1.9229e+00, 1.4961e-02, 
 2DIAGNOSTIC,    11, -4.527113586664e-02, 1.868922030553e-03, 1.9406e+00, 1.7679e-02, 
 2DIAGNOSTIC,    12, -4.526961594820e-02, 6.006807670929e-04, 1.9555e+00, 1.4943e-02, 
 2DIAGNOSTIC,    13, -4.526945948601e-02, 7.418743189191e-05, 1.9695e+00, 1.3922e-02, 
DIAGNOSTIC,Iteration,metricValue,convergenceValue,ITERATION_TIME_INDEX,SINCE_LAST
 2DIAGNOSTIC,     1, -2.813266403973e-02, inf, 3.2943e+00, 1.3248e+00, 
 2DIAGNOSTIC,     2, -2.817694842815e-02, inf, 3.4356e+00, 1.4128e-01, 
 2DIAGNOSTIC,     3, -2.817976102233e-02, inf, 3.5465e+00, 1.1088e-01, 
 2DIAGNOSTIC,     4, -2.817922458053e-02, inf, 3.7006e+00, 1.5412e-01, 
 2DIAGNOSTIC,     5, -2.817957848310e-02, inf, 3.8588e+00, 1.5822e-01, 
 2DIAGNOSTIC,     6, -2.817874401808e-02, inf, 4.0192e+00, 1.6043e-01, 
 2DIAGNOSTIC,     7, -2.817872911692e-02, inf, 4.1652e+00, 1.4599e-01, 
 2DIAGNOSTIC,     8, -2.817874215543e-02, inf, 4.2631e+00, 9.7872e-02, 
 2DIAGNOSTIC,     9, -2.817773446441e-02, inf, 4.3749e+00, 1.1184e-01, 
 2DIAGNOSTIC,    10, -2.817730233073e-02, 4.780976087204e-05, 4.4765e+00, 1.0160e-01, 
  Elapsed time (stage 0): 4.7242e+00


Total elapsed time: 4.7258e+00
Transforming MT-off to MNI
Transforming MT-on to MNI
