Loading spm/spm12
  Loading requirement: matlab/r2019a
Non-commercial use only - see $FSLDIR/LICENSE
N4 bias corrrection
Centring images
MATLAB is selecting SOFTWARE OPENGL rendering.

Written new image at:
	/home/tom29/rds/hpc-work/cbbu_BIDS/sub-43/anat/sub-43_acq-LC_mt-on_MTS_N4_centred.nii

MATLAB is selecting SOFTWARE OPENGL rendering.

Written new image at:
	/home/tom29/rds/hpc-work/cbbu_BIDS/sub-43/anat/sub-43_acq-LC_mt-off_MTS_N4_centred.nii

Registering MT-on to MT-off
All_Command_lines_OK
Using single precision for computations.
  number of levels = 4
  fixed image: /home/tom29/rds/hpc-work/cbbu_BIDS/sub-43/anat/sub-43_acq-LC_mt-off_MTS_N4_centred.nii.gz
  moving image: /home/tom29/rds/hpc-work/cbbu_BIDS/sub-43/anat/sub-43_acq-LC_mt-on_MTS_N4_centred.nii.gz
Dimension = 3
Number of stages = 1
Use histogram matching = false
Winsorize image intensities = true
  Lower quantile = 0.005
  Upper quantile = 0.995


Stage 1 State
   Image metric = MattesMI
     Fixed image = Image (0x3a073c0)
  RTTI typeinfo:   itk::Image<float, 3u>
  Reference Count: 2
  Modified Time: 1076
  Debug: Off
  Object Name: 
  Observers: 
    none
  Source: (none)
  Source output name: (none)
  Release Data: Off
  Data Released: False
  Global Release Data: Off
  PipelineMTime: 0
  UpdateMTime: 685
  RealTimeStamp: 0 seconds 
  LargestPossibleRegion: 
    Dimension: 3
    Index: [0, 0, 0]
    Size: [448, 448, 112]
  BufferedRegion: 
    Dimension: 3
    Index: [0, 0, 0]
    Size: [448, 448, 112]
  RequestedRegion: 
    Dimension: 3
    Index: [0, 0, 0]
    Size: [448, 448, 112]
  Spacing: [0.428571, 0.428571, 0.5]
  Origin: [94.2364, 118.844, -22.2999]
  Direction: 
-0.999895 0.0133525 -0.00571672
-0.0117318 -0.974489 -0.224127
-0.00856354 -0.224036 0.974543

  IndexToPointMatrix: 
-0.428526 0.00572249 -0.00285836
-0.00502792 -0.417638 -0.112064
-0.00367009 -0.0960156 0.487272

  PointToIndexMatrix: 
-2.33309 -0.0273742 -0.0199816
0.0311558 -2.27381 -0.522751
-0.0114334 -0.448254 1.94909

  Inverse Direction: 
-0.999895 -0.0117318 -0.00856354
0.0133525 -0.974489 -0.224036
-0.00571672 -0.224127 0.974543

  PixelContainer: 
    ImportImageContainer (0x39f3890)
      RTTI typeinfo:   itk::ImportImageContainer<unsigned long, float>
      Reference Count: 1
      Modified Time: 682
      Debug: Off
      Object Name: 
      Observers: 
        none
      Pointer: 0x1476a88ed010
      Container manages memory: true
      Size: 22478848
      Capacity: 22478848

     Moving image = Image (0x3a0ab60)
  RTTI typeinfo:   itk::Image<float, 3u>
  Reference Count: 2
  Modified Time: 1077
  Debug: Off
  Object Name: 
  Observers: 
    none
  Source: (none)
  Source output name: (none)
  Release Data: Off
  Data Released: False
  Global Release Data: Off
  PipelineMTime: 0
  UpdateMTime: 1074
  RealTimeStamp: 0 seconds 
  LargestPossibleRegion: 
    Dimension: 3
    Index: [0, 0, 0]
    Size: [448, 448, 112]
  BufferedRegion: 
    Dimension: 3
    Index: [0, 0, 0]
    Size: [448, 448, 112]
  RequestedRegion: 
    Dimension: 3
    Index: [0, 0, 0]
    Size: [448, 448, 112]
  Spacing: [0.428571, 0.428571, 0.5]
  Origin: [94.2364, 118.844, -22.2999]
  Direction: 
-0.999895 0.0133525 -0.00571672
-0.0117318 -0.974489 -0.224127
-0.00856354 -0.224036 0.974543

  IndexToPointMatrix: 
-0.428526 0.00572249 -0.00285836
-0.00502792 -0.417638 -0.112064
-0.00367009 -0.0960156 0.487272

  PointToIndexMatrix: 
-2.33309 -0.0273742 -0.0199816
0.0311558 -2.27381 -0.522751
-0.0114334 -0.448254 1.94909

  Inverse Direction: 
-0.999895 -0.0117318 -0.00856354
0.0133525 -0.974489 -0.224036
-0.00571672 -0.224127 0.974543

  PixelContainer: 
    ImportImageContainer (0x3a0ab00)
      RTTI typeinfo:   itk::ImportImageContainer<unsigned long, float>
      Reference Count: 1
      Modified Time: 1071
      Debug: Off
      Object Name: 
      Observers: 
        none
      Pointer: 0x1476a332c010
      Container manages memory: true
      Size: 22478848
      Capacity: 22478848

     Weighting = 1
     Sampling strategy = regular
     Number of bins = 32
     Radius = 4
     Sampling percentage  = 0.25
   Transform = Rigid
     Gradient step = 0.1
     Update field sigma (voxel space) = 0
     Total field sigma (voxel space) = 0
     Update field time sigma = 0
     Total field time sigma  = 0
     Number of time indices = 0
     Number of time point samples = 0
Registration using 1 total stages.

Stage 0
  iterations = 1000x500x250x100
  convergence threshold = 1e-06
  convergence window size = 10
  number of levels = 4
  using the Mattes MI metric (number of bins = 32, weight = 1, use gradient filter = 0)
  preprocessing:  winsorizing the image intensities
  Shrink factors (level 1 out of 4): [8, 8, 7]
  Shrink factors (level 2 out of 4): [4, 4, 3]
  Shrink factors (level 3 out of 4): [2, 2, 2]
  Shrink factors (level 4 out of 4): [1, 1, 1]
  smoothing sigmas per level: [3, 2, 1, 0]
  regular sampling (percentage = 0.25)

*** Running Euler3DTransform registration ***

DIAGNOSTIC,Iteration,metricValue,convergenceValue,ITERATION_TIME_INDEX,SINCE_LAST
 2DIAGNOSTIC,     1, -1.441179037094e+00, inf, 5.7563e-01, 5.7563e-01, 
 2DIAGNOSTIC,     2, -1.451316356659e+00, inf, 5.7865e-01, 3.0181e-03, 
 2DIAGNOSTIC,     3, -1.458483219147e+00, inf, 5.8156e-01, 2.9130e-03, 
 2DIAGNOSTIC,     4, -1.465532422066e+00, inf, 5.8440e-01, 2.8419e-03, 
 2DIAGNOSTIC,     5, -1.472034692764e+00, inf, 5.8835e-01, 3.9499e-03, 
 2DIAGNOSTIC,     6, -1.472710728645e+00, inf, 5.9100e-01, 2.6541e-03, 
 2DIAGNOSTIC,     7, -1.473119974136e+00, inf, 5.9370e-01, 2.6941e-03, 
 2DIAGNOSTIC,     8, -1.473622441292e+00, inf, 5.9732e-01, 3.6249e-03, 
 2DIAGNOSTIC,     9, -1.473851084709e+00, inf, 6.0280e-01, 5.4731e-03, 
 2DIAGNOSTIC,    10, -1.473850607872e+00, 1.295526395552e-03, 6.0731e-01, 4.5090e-03, 
 2DIAGNOSTIC,    11, -1.473855137825e+00, 7.537693018094e-04, 6.1027e-01, 2.9640e-03, 
 2DIAGNOSTIC,    12, -1.473864674568e+00, 3.988972457591e-04, 6.1347e-01, 3.2020e-03, 
 2DIAGNOSTIC,    13, -1.473868846893e+00, 1.680828718236e-04, 6.1682e-01, 3.3491e-03, 
 2DIAGNOSTIC,    14, -1.473817348480e+00, 4.965821062797e-05, 6.1957e-01, 2.7471e-03, 
 2DIAGNOSTIC,    15, -1.473822474480e+00, 2.665984357009e-05, 6.2236e-01, 2.7931e-03, 
 2DIAGNOSTIC,    16, -1.473828077316e+00, 1.250817422260e-05, 6.2531e-01, 2.9531e-03, 
 2DIAGNOSTIC,    17, -1.473834514618e+00, 3.644500566224e-06, 6.2828e-01, 2.9702e-03, 
 2DIAGNOSTIC,    18, -1.473842501640e+00, 1.022052629196e-06, 6.3118e-01, 2.8920e-03, 
 2DIAGNOSTIC,    19, -1.473852515221e+00, 1.185548853755e-06, 6.3415e-01, 2.9759e-03, 
 2DIAGNOSTIC,    20, -1.473916649818e+00, 1.994506646952e-06, 6.3707e-01, 2.9180e-03, 
 2DIAGNOSTIC,    21, -1.473924160004e+00, 2.774215090540e-06, 6.4032e-01, 3.2489e-03, 
 2DIAGNOSTIC,    22, -1.473932147026e+00, 3.518805897329e-06, 6.4465e-01, 4.3349e-03, 
 2DIAGNOSTIC,    23, -1.473981022835e+00, 4.470416115510e-06, 6.4793e-01, 3.2749e-03, 
 2DIAGNOSTIC,    24, -1.473981738091e+00, 4.631654519471e-06, 6.5104e-01, 3.1118e-03, 
 2DIAGNOSTIC,    25, -1.473981618881e+00, 4.505428478296e-06, 6.5471e-01, 3.6650e-03, 
 2DIAGNOSTIC,    26, -1.473981499672e+00, 4.129530225327e-06, 6.5820e-01, 3.4959e-03, 
 2DIAGNOSTIC,    27, -1.473981738091e+00, 3.560188133633e-06, 6.6139e-01, 3.1929e-03, 
 2DIAGNOSTIC,    28, -1.473981380463e+00, 2.858039806597e-06, 6.6452e-01, 3.1230e-03, 
 2DIAGNOSTIC,    29, -1.473981738091e+00, 2.099104449371e-06, 6.6765e-01, 3.1331e-03, 
 2DIAGNOSTIC,    30, -1.473981261253e+00, 1.710549440759e-06, 6.7077e-01, 3.1209e-03, 
 2DIAGNOSTIC,    31, -1.473981022835e+00, 1.333476006948e-06, 6.7399e-01, 3.2139e-03, 
DIAGNOSTIC,Iteration,metricValue,convergenceValue,ITERATION_TIME_INDEX,SINCE_LAST
 2DIAGNOSTIC,     1, -1.353062033653e+00, inf, 1.2932e+00, 6.1918e-01, 
 2DIAGNOSTIC,     2, -1.354085326195e+00, inf, 1.3420e+00, 4.8798e-02, 
 2DIAGNOSTIC,     3, -1.354270100594e+00, inf, 1.3843e+00, 4.2343e-02, 
 2DIAGNOSTIC,     4, -1.354357719421e+00, inf, 1.4210e+00, 3.6677e-02, 
 2DIAGNOSTIC,     5, -1.354511618614e+00, inf, 1.4600e+00, 3.8998e-02, 
 2DIAGNOSTIC,     6, -1.354668855667e+00, inf, 1.5257e+00, 6.5707e-02, 
 2DIAGNOSTIC,     7, -1.354677438736e+00, inf, 1.5718e+00, 4.6124e-02, 
 2DIAGNOSTIC,     8, -1.354700088501e+00, inf, 1.6078e+00, 3.5946e-02, 
 2DIAGNOSTIC,     9, -1.354715347290e+00, inf, 1.6607e+00, 5.2963e-02, 
 2DIAGNOSTIC,    10, -1.354709625244e+00, 5.931752093602e-05, 1.6959e+00, 3.5180e-02, 
 2DIAGNOSTIC,    11, -1.354711890221e+00, 2.866525755962e-05, 1.7331e+00, 3.7198e-02, 
 2DIAGNOSTIC,    12, -1.354707956314e+00, 1.859424082795e-05, 1.7811e+00, 4.8012e-02, 
 2DIAGNOSTIC,    13, -1.354707837105e+00, 1.163788874692e-05, 1.8249e+00, 4.3748e-02, 
 2DIAGNOSTIC,    14, -1.354708075523e+00, 6.116971690062e-06, 1.8649e+00, 4.0038e-02, 
 2DIAGNOSTIC,    15, -1.354708909988e+00, 3.088779976679e-06, 1.9102e+00, 4.5285e-02, 
 2DIAGNOSTIC,    16, -1.354709625244e+00, 2.425130787742e-06, 1.9528e+00, 4.2581e-02, 
 2DIAGNOSTIC,    17, -1.354709386826e+00, 1.896101139209e-06, 1.9949e+00, 4.2108e-02, 
 2DIAGNOSTIC,    18, -1.354709267616e+00, 1.681266553533e-06, 2.0385e+00, 4.3658e-02, 
 2DIAGNOSTIC,    19, -1.354708790779e+00, 1.661743226578e-06, 2.0873e+00, 4.8809e-02, 
 2DIAGNOSTIC,    20, -1.354709148407e+00, 1.587774590917e-06, 2.1363e+00, 4.8923e-02, 
 2DIAGNOSTIC,    21, -1.354709386826e+00, 1.546965449961e-06, 2.1783e+00, 4.2003e-02, 
 2DIAGNOSTIC,    22, -1.354709506035e+00, 1.470603365306e-06, 2.2157e+00, 3.7467e-02, 
 2DIAGNOSTIC,    23, -1.354709386826e+00, 1.396638594997e-06, 2.2644e+00, 4.8644e-02, 
 2DIAGNOSTIC,    24, -1.354709148407e+00, 1.327548375230e-06, 2.3072e+00, 4.2820e-02, 
 2DIAGNOSTIC,    25, -1.354709267616e+00, 1.271607743547e-06, 2.3480e+00, 4.0798e-02, 
 2DIAGNOSTIC,    26, -1.354709267616e+00, 1.225696223628e-06, 2.3901e+00, 4.2098e-02, 
 2DIAGNOSTIC,    27, -1.354709386826e+00, 1.182048663395e-06, 2.4344e+00, 4.4343e-02, 
 2DIAGNOSTIC,    28, -1.354709506035e+00, 1.141332290899e-06, 2.4853e+00, 5.0841e-02, 
 2DIAGNOSTIC,    29, -1.354709029198e+00, 1.096012510970e-06, 2.5270e+00, 4.1768e-02, 
 2DIAGNOSTIC,    30, -1.354709029198e+00, 1.056367409547e-06, 2.5717e+00, 4.4682e-02, 
 2DIAGNOSTIC,    31, -1.354708790779e+00, 1.019572664518e-06, 2.6181e+00, 4.6336e-02, 
DIAGNOSTIC,Iteration,metricValue,convergenceValue,ITERATION_TIME_INDEX,SINCE_LAST
 2DIAGNOSTIC,     1, -1.240513563156e+00, inf, 3.5475e+00, 9.2943e-01, 
 2DIAGNOSTIC,     2, -1.241062402725e+00, inf, 3.7216e+00, 1.7411e-01, 
 2DIAGNOSTIC,     3, -1.241275548935e+00, inf, 3.8786e+00, 1.5700e-01, 
 2DIAGNOSTIC,     4, -1.241487383842e+00, inf, 4.0728e+00, 1.9424e-01, 
 2DIAGNOSTIC,     5, -1.241635560989e+00, inf, 4.2512e+00, 1.7832e-01, 
 2DIAGNOSTIC,     6, -1.242129325867e+00, inf, 4.4240e+00, 1.7282e-01, 
 2DIAGNOSTIC,     7, -1.242198586464e+00, inf, 4.5832e+00, 1.5923e-01, 
 2DIAGNOSTIC,     8, -1.242203235626e+00, inf, 4.8105e+00, 2.2726e-01, 
 2DIAGNOSTIC,     9, -1.242205739021e+00, inf, 4.9865e+00, 1.7602e-01, 
 2DIAGNOSTIC,    10, -1.242207169533e+00, 8.918406092562e-05, 5.1748e+00, 1.8831e-01, 
 2DIAGNOSTIC,    11, -1.242206692696e+00, 5.988284829073e-05, 5.3788e+00, 2.0401e-01, 
 2DIAGNOSTIC,    12, -1.242204546928e+00, 4.070563591085e-05, 5.5482e+00, 1.6935e-01, 
 2DIAGNOSTIC,    13, -1.242204427719e+00, 2.485579898348e-05, 5.7301e+00, 1.8194e-01, 
 2DIAGNOSTIC,    14, -1.242205142975e+00, 1.275504109799e-05, 5.9717e+00, 2.4159e-01, 
 2DIAGNOSTIC,    15, -1.242204904556e+00, 3.364829581187e-06, 6.1460e+00, 1.7437e-01, 
 2DIAGNOSTIC,    16, -1.242205023766e+00, 2.072197958114e-06, 6.3441e+00, 1.9807e-01, 
 2DIAGNOSTIC,    17, -1.242204785347e+00, 1.852663444879e-06, 6.5625e+00, 2.1835e-01, 
 2DIAGNOSTIC,    18, -1.242204904556e+00, 1.719259898891e-06, 6.7407e+00, 1.7825e-01, 
 2DIAGNOSTIC,    19, -1.242204427719e+00, 1.627626375011e-06, 6.9145e+00, 1.7375e-01, 
 2DIAGNOSTIC,    20, -1.242204546928e+00, 1.567228650856e-06, 7.0842e+00, 1.6974e-01, 
 2DIAGNOSTIC,    21, -1.242204427719e+00, 1.508988248133e-06, 7.2532e+00, 1.6901e-01, 
 2DIAGNOSTIC,    22, -1.242204070091e+00, 1.430657334822e-06, 7.4334e+00, 1.8021e-01, 
 2DIAGNOSTIC,    23, -1.242204189301e+00, 1.360491296509e-06, 7.6120e+00, 1.7860e-01, 
 2DIAGNOSTIC,    24, -1.242204189301e+00, 1.305147861785e-06, 7.7823e+00, 1.7022e-01, 
 2DIAGNOSTIC,    25, -1.242204070091e+00, 1.252805759577e-06, 7.9522e+00, 1.6997e-01, 
 2DIAGNOSTIC,    26, -1.242204070091e+00, 1.207479158438e-06, 8.1308e+00, 1.7858e-01, 
 2DIAGNOSTIC,    27, -1.242204189301e+00, 1.166001311503e-06, 8.3104e+00, 1.7957e-01, 
 2DIAGNOSTIC,    28, -1.242204189301e+00, 1.129681663770e-06, 8.4845e+00, 1.7416e-01, 
 2DIAGNOSTIC,    29, -1.242204070091e+00, 1.091710032597e-06, 8.6576e+00, 1.7302e-01, 
 2DIAGNOSTIC,    30, -1.242204189301e+00, 1.058657744579e-06, 8.8389e+00, 1.8135e-01, 
 2DIAGNOSTIC,    31, -1.242204070091e+00, 1.026200948218e-06, 9.0030e+00, 1.6409e-01, 
DIAGNOSTIC,Iteration,metricValue,convergenceValue,ITERATION_TIME_INDEX,SINCE_LAST
 2DIAGNOSTIC,     1, -1.086602091789e+00, inf, 1.1647e+01, 2.6439e+00, 
 2DIAGNOSTIC,     2, -1.086902022362e+00, inf, 1.2514e+01, 8.6711e-01, 
 2DIAGNOSTIC,     3, -1.087024092674e+00, inf, 1.3472e+01, 9.5830e-01, 
 2DIAGNOSTIC,     4, -1.087097883224e+00, inf, 1.4694e+01, 1.2212e+00, 
 2DIAGNOSTIC,     5, -1.087103366852e+00, inf, 1.5523e+01, 8.2962e-01, 
 2DIAGNOSTIC,     6, -1.087139964104e+00, inf, 1.6446e+01, 9.2272e-01, 
 2DIAGNOSTIC,     7, -1.087138056755e+00, inf, 1.7437e+01, 9.9132e-01, 
 2DIAGNOSTIC,     8, -1.087136864662e+00, inf, 1.8401e+01, 9.6362e-01, 
 2DIAGNOSTIC,     9, -1.087136983871e+00, inf, 1.9333e+01, 9.3187e-01, 
 2DIAGNOSTIC,    10, -1.087137222290e+00, 2.525753734517e-05, 2.0277e+01, 9.4472e-01, 
 2DIAGNOSTIC,    11, -1.087134122849e+00, 1.177418653242e-05, 2.1391e+01, 1.1134e+00, 
 2DIAGNOSTIC,    12, -1.087133884430e+00, 6.216238944035e-06, 2.2604e+01, 1.2136e+00, 
 2DIAGNOSTIC,    13, -1.087133765221e+00, 3.614892420956e-06, 2.3924e+01, 1.3195e+00, 
 2DIAGNOSTIC,    14, -1.087133765221e+00, 2.660960035428e-06, 2.5092e+01, 1.1681e+00, 
 2DIAGNOSTIC,    15, -1.087134122849e+00, 1.881550701910e-06, 2.6069e+01, 9.7686e-01, 
 2DIAGNOSTIC,    16, -1.087133884430e+00, 1.816971121116e-06, 2.7135e+01, 1.0661e+00, 
 2DIAGNOSTIC,    17, -1.087133884430e+00, 1.747448891365e-06, 2.8101e+01, 9.6571e-01, 
 2DIAGNOSTIC,    18, -1.087133884430e+00, 1.679118327047e-06, 2.9080e+01, 9.7908e-01, 
 2DIAGNOSTIC,    19, -1.087133884430e+00, 1.627064989407e-06, 3.0045e+01, 9.6498e-01, 
 2DIAGNOSTIC,    20, -1.087133765221e+00, 1.587195015418e-06, 3.0997e+01, 9.5211e-01, 
 2DIAGNOSTIC,    21, -1.087133765221e+00, 1.512992298558e-06, 3.1985e+01, 9.8813e-01, 
 2DIAGNOSTIC,    22, -1.087133646011e+00, 1.441559788873e-06, 3.2968e+01, 9.8254e-01, 
 2DIAGNOSTIC,    23, -1.087133526802e+00, 1.374062321702e-06, 3.3931e+01, 9.6355e-01, 
 2DIAGNOSTIC,    24, -1.087133646011e+00, 1.314218025072e-06, 3.4877e+01, 9.4568e-01, 
 2DIAGNOSTIC,    25, -1.087133765221e+00, 1.265225023417e-06, 3.5994e+01, 1.1173e+00, 
 2DIAGNOSTIC,    26, -1.087133765221e+00, 1.218251782120e-06, 3.6951e+01, 9.5683e-01, 
 2DIAGNOSTIC,    27, -1.087133765221e+00, 1.175289980893e-06, 3.7941e+01, 9.9021e-01, 
 2DIAGNOSTIC,    28, -1.087133646011e+00, 1.134580202233e-06, 3.8904e+01, 9.6269e-01, 
 2DIAGNOSTIC,    29, -1.087133765221e+00, 1.097922449844e-06, 3.9868e+01, 9.6461e-01, 
 2DIAGNOSTIC,    30, -1.087133765221e+00, 1.062482397174e-06, 4.0853e+01, 9.8457e-01, 
 2DIAGNOSTIC,    31, -1.087133765221e+00, 1.029153054333e-06, 4.1816e+01, 9.6307e-01, 
  Elapsed time (stage 0): 4.2611e+01


Total elapsed time: 4.2622e+01
Registering MT-off to MP2RAGE
All_Command_lines_OK
Using single precision for computations.
  Reading mask(s).
    Registration stage 0
      Fixed mask = /home/tom29/rds/hpc-work/cbbu_BIDS/sub-43/anat/sub-43_mask_centred.nii.gz
 file NULL does not exist . 
      No moving mask
  number of levels = 4
  fixed image: /home/tom29/rds/hpc-work/cbbu_BIDS/sub-43/anat/sub-43_acq-whole_UNI_MP2RAGE_brain_N4_centred.nii.gz
  moving image: /home/tom29/rds/hpc-work/cbbu_BIDS/sub-43/anat/sub-43_acq-LC_mt-off_MTS_N4_centred.nii.gz
Dimension = 3
Number of stages = 1
Use histogram matching = false
Winsorize image intensities = true
  Lower quantile = 0.005
  Upper quantile = 0.995


Stage 1 State
   Image metric = MattesMI
     Fixed image = Image (0x3d2e9e0)
  RTTI typeinfo:   itk::Image<float, 3u>
  Reference Count: 2
  Modified Time: 1519
  Debug: Off
  Object Name: 
  Observers: 
    none
  Source: (none)
  Source output name: (none)
  Release Data: Off
  Data Released: False
  Global Release Data: Off
  PipelineMTime: 0
  UpdateMTime: 1128
  RealTimeStamp: 0 seconds 
  LargestPossibleRegion: 
    Dimension: 3
    Index: [0, 0, 0]
    Size: [224, 300, 320]
  BufferedRegion: 
    Dimension: 3
    Index: [0, 0, 0]
    Size: [224, 300, 320]
  RequestedRegion: 
    Dimension: 3
    Index: [0, 0, 0]
    Size: [224, 300, 320]
  Spacing: [0.75, 0.75, 0.75]
  Origin: [81.4514, 145.64, -77.0884]
  Direction: 
-0.999803 0.0192952 -0.00460481
-0.0172315 -0.959761 -0.28029
-0.00982778 -0.280156 0.959904

  IndexToPointMatrix: 
-0.749852 0.0144714 -0.00345361
-0.0129236 -0.71982 -0.210218
-0.00737083 -0.210117 0.719928

  PointToIndexMatrix: 
-1.33307 -0.0229753 -0.0131037
0.0257269 -1.27968 -0.373541
-0.00613975 -0.373721 1.27987

  Inverse Direction: 
-0.999803 -0.0172315 -0.00982778
0.0192952 -0.959761 -0.280156
-0.00460481 -0.28029 0.959904

  PixelContainer: 
    ImportImageContainer (0x3d1db40)
      RTTI typeinfo:   itk::ImportImageContainer<unsigned long, float>
      Reference Count: 1
      Modified Time: 1125
      Debug: Off
      Object Name: 
      Observers: 
        none
      Pointer: 0x14faec5a6010
      Container manages memory: true
      Size: 21504000
      Capacity: 21504000

     Moving image = Image (0x3d39a40)
  RTTI typeinfo:   itk::Image<float, 3u>
  Reference Count: 2
  Modified Time: 1520
  Debug: Off
  Object Name: 
  Observers: 
    none
  Source: (none)
  Source output name: (none)
  Release Data: Off
  Data Released: False
  Global Release Data: Off
  PipelineMTime: 0
  UpdateMTime: 1517
  RealTimeStamp: 0 seconds 
  LargestPossibleRegion: 
    Dimension: 3
    Index: [0, 0, 0]
    Size: [448, 448, 112]
  BufferedRegion: 
    Dimension: 3
    Index: [0, 0, 0]
    Size: [448, 448, 112]
  RequestedRegion: 
    Dimension: 3
    Index: [0, 0, 0]
    Size: [448, 448, 112]
  Spacing: [0.428571, 0.428571, 0.5]
  Origin: [94.2364, 118.844, -22.2999]
  Direction: 
-0.999895 0.0133525 -0.00571672
-0.0117318 -0.974489 -0.224127
-0.00856354 -0.224036 0.974543

  IndexToPointMatrix: 
-0.428526 0.00572249 -0.00285836
-0.00502792 -0.417638 -0.112064
-0.00367009 -0.0960156 0.487272

  PointToIndexMatrix: 
-2.33309 -0.0273742 -0.0199816
0.0311558 -2.27381 -0.522751
-0.0114334 -0.448254 1.94909

  Inverse Direction: 
-0.999895 -0.0117318 -0.00856354
0.0133525 -0.974489 -0.224036
-0.00571672 -0.224127 0.974543

  PixelContainer: 
    ImportImageContainer (0x3d31cc0)
      RTTI typeinfo:   itk::ImportImageContainer<unsigned long, float>
      Reference Count: 1
      Modified Time: 1514
      Debug: Off
      Object Name: 
      Observers: 
        none
      Pointer: 0x14fae6fe5010
      Container manages memory: true
      Size: 22478848
      Capacity: 22478848

     Weighting = 1
     Sampling strategy = regular
     Number of bins = 32
     Radius = 4
     Sampling percentage  = 0.25
   Transform = Rigid
     Gradient step = 0.1
     Update field sigma (voxel space) = 0
     Total field sigma (voxel space) = 0
     Update field time sigma = 0
     Total field time sigma  = 0
     Number of time indices = 0
     Number of time point samples = 0
Registration using 1 total stages.

Stage 0
  iterations = 1000x500x250x100
  convergence threshold = 1e-06
  convergence window size = 10
  number of levels = 4
  using the Mattes MI metric (number of bins = 32, weight = 1, use gradient filter = 0)
  preprocessing:  winsorizing the image intensities
  Shrink factors (level 1 out of 4): [8, 8, 8]
  Shrink factors (level 2 out of 4): [4, 4, 4]
  Shrink factors (level 3 out of 4): [2, 2, 2]
  Shrink factors (level 4 out of 4): [1, 1, 1]
  smoothing sigmas per level: [3, 2, 1, 0]
  regular sampling (percentage = 0.25)

*** Running Euler3DTransform registration ***

DIAGNOSTIC,Iteration,metricValue,convergenceValue,ITERATION_TIME_INDEX,SINCE_LAST
 2DIAGNOSTIC,     1, -2.436491101980e-01, inf, 4.5151e-01, 4.5151e-01, 
 2DIAGNOSTIC,     2, -2.444400191307e-01, inf, 4.5202e-01, 5.0712e-04, 
 2DIAGNOSTIC,     3, -2.449028939009e-01, inf, 4.5249e-01, 4.7493e-04, 
 2DIAGNOSTIC,     4, -2.451868206263e-01, inf, 4.5298e-01, 4.9281e-04, 
 2DIAGNOSTIC,     5, -2.458864152431e-01, inf, 4.5355e-01, 5.6696e-04, 
 2DIAGNOSTIC,     6, -2.436845451593e-01, inf, 4.5412e-01, 5.7197e-04, 
 2DIAGNOSTIC,     7, -2.500055134296e-01, inf, 4.5467e-01, 5.4908e-04, 
 2DIAGNOSTIC,     8, -2.588072121143e-01, inf, 4.5555e-01, 8.8000e-04, 
 2DIAGNOSTIC,     9, -2.593215405941e-01, inf, 4.5610e-01, 5.5194e-04, 
 2DIAGNOSTIC,    10, -2.605507373810e-01, 4.733589943498e-03, 4.5683e-01, 7.2312e-04, 
 2DIAGNOSTIC,    11, -2.615296542645e-01, 4.924613982439e-03, 4.5748e-01, 6.5494e-04, 
 2DIAGNOSTIC,    12, -2.598222196102e-01, 4.546463489532e-03, 4.5813e-01, 6.4301e-04, 
 2DIAGNOSTIC,    13, -2.603586316109e-01, 3.893869696185e-03, 4.5872e-01, 5.9509e-04, 
 2DIAGNOSTIC,    14, -2.609347403049e-01, 3.052469575778e-03, 4.5933e-01, 6.0511e-04, 
 2DIAGNOSTIC,    15, -2.613788545132e-01, 2.150407060981e-03, 4.5999e-01, 6.6590e-04, 
 2DIAGNOSTIC,    16, -2.616786956787e-01, 1.029177568853e-03, 4.6079e-01, 7.9918e-04, 
 2DIAGNOSTIC,    17, -2.618852257729e-01, 3.653727762867e-04, 4.6144e-01, 6.4707e-04, 
 2DIAGNOSTIC,    18, -2.619924247265e-01, 2.969851484522e-04, 4.6206e-01, 6.2203e-04, 
 2DIAGNOSTIC,    19, -2.621505856514e-01, 2.445522695780e-04, 4.6265e-01, 5.9104e-04, 
 2DIAGNOSTIC,    20, -2.623928785324e-01, 2.539766137488e-04, 4.6339e-01, 7.3695e-04, 
 2DIAGNOSTIC,    21, -2.614870965481e-01, 2.457740483806e-04, 4.6399e-01, 5.9700e-04, 
 2DIAGNOSTIC,    22, -2.618465423584e-01, 1.488078269176e-04, 4.6465e-01, 6.5994e-04, 
 2DIAGNOSTIC,    23, -2.629292011261e-01, 1.234209194081e-04, 4.6561e-01, 9.6321e-04, 
 2DIAGNOSTIC,    24, -2.628794610500e-01, 1.107051066356e-04, 4.6625e-01, 6.3992e-04, 
 2DIAGNOSTIC,    25, -2.629539668560e-01, 1.123705296777e-04, 4.6688e-01, 6.3086e-04, 
 2DIAGNOSTIC,    26, -2.622067332268e-01, 8.555986278225e-05, 4.6749e-01, 6.1512e-04, 
 2DIAGNOSTIC,    27, -2.622804045677e-01, 6.501606549136e-05, 4.6809e-01, 5.9700e-04, 
 2DIAGNOSTIC,    28, -2.623701095581e-01, 4.591208198690e-05, 4.6873e-01, 6.3515e-04, 
 2DIAGNOSTIC,    29, -2.626574039459e-01, 3.975024810643e-05, 4.6934e-01, 6.1488e-04, 
 2DIAGNOSTIC,    30, -2.628625929356e-01, 4.840593101108e-05, 4.7003e-01, 6.9308e-04, 
 2DIAGNOSTIC,    31, -2.629036009312e-01, 2.174821929657e-05, 4.7090e-01, 8.6713e-04, 
 2DIAGNOSTIC,    32, -2.630468010902e-01, 1.132051420427e-05, 4.7149e-01, 5.9104e-04, 
 2DIAGNOSTIC,    33, -2.631149590015e-01, 3.849646236631e-05, 4.7215e-01, 6.6185e-04, 
 2DIAGNOSTIC,    34, -2.631582021713e-01, 5.977487307973e-05, 4.7275e-01, 5.9986e-04, 
 2DIAGNOSTIC,    35, -2.644833028316e-01, 1.188217793242e-04, 4.7358e-01, 8.2779e-04, 
 2DIAGNOSTIC,    36, -2.637712061405e-01, 1.177457306767e-04, 4.7417e-01, 5.9199e-04, 
 2DIAGNOSTIC,    37, -2.637954950333e-01, 1.096609921660e-04, 4.7487e-01, 6.9284e-04, 
 2DIAGNOSTIC,    38, -2.638574540615e-01, 9.618774492992e-05, 4.7553e-01, 6.6400e-04, 
 2DIAGNOSTIC,    39, -2.639323771000e-01, 8.389908907702e-05, 4.7612e-01, 5.8985e-04, 
 2DIAGNOSTIC,    40, -2.639602124691e-01, 7.017779716989e-05, 4.7673e-01, 6.1107e-04, 
 2DIAGNOSTIC,    41, -2.640272378922e-01, 5.355361281545e-05, 4.7755e-01, 8.2183e-04, 
 2DIAGNOSTIC,    42, -2.640672028065e-01, 3.804477091762e-05, 4.7817e-01, 6.2084e-04, 
 2DIAGNOSTIC,    43, -2.640801966190e-01, 2.182237039960e-05, 4.7877e-01, 5.9700e-04, 
 2DIAGNOSTIC,    44, -2.641211748123e-01, 5.272183443594e-06, 4.7955e-01, 7.7510e-04, 
 2DIAGNOSTIC,    45, -2.641359567642e-01, 2.210236380051e-05, 4.8014e-01, 5.9390e-04, 
 2DIAGNOSTIC,    46, -2.641661465168e-01, 1.993701152969e-05, 4.8080e-01, 6.6304e-04, 
 2DIAGNOSTIC,    47, -2.641849219799e-01, 1.699326458038e-05, 4.8153e-01, 7.2813e-04, 
 2DIAGNOSTIC,    48, -2.641990184784e-01, 1.431758937542e-05, 4.8212e-01, 5.8913e-04, 
 2DIAGNOSTIC,    49, -2.651585340500e-01, 3.350832048454e-05, 4.8280e-01, 6.8092e-04, 
 2DIAGNOSTIC,    50, -2.651669979095e-01, 4.893519871985e-05, 4.8355e-01, 7.4410e-04, 
 2DIAGNOSTIC,    51, -2.651794850826e-01, 6.104526983108e-05, 4.8413e-01, 5.8794e-04, 
 2DIAGNOSTIC,    52, -2.651959061623e-01, 6.839111301815e-05, 4.8473e-01, 5.9390e-04, 
 2DIAGNOSTIC,    53, -2.652067840099e-01, 6.934967677807e-05, 4.8545e-01, 7.2408e-04, 
 2DIAGNOSTIC,    54, -2.652223408222e-01, 6.449494685512e-05, 4.8604e-01, 5.8913e-04, 
 2DIAGNOSTIC,    55, -2.652383148670e-01, 5.421058449429e-05, 4.8684e-01, 7.9513e-04, 
 2DIAGNOSTIC,    56, -2.652788162231e-01, 4.081501174369e-05, 4.8742e-01, 5.8794e-04, 
 2DIAGNOSTIC,    57, -2.652856409550e-01, 2.471644620528e-05, 4.8805e-01, 6.2513e-04, 
 2DIAGNOSTIC,    58, -2.653062045574e-01, 7.005912266322e-06, 4.8864e-01, 5.8794e-04, 
 2DIAGNOSTIC,    59, -2.653330564499e-01, 7.486765753129e-06, 4.8949e-01, 8.5020e-04, 
 2DIAGNOSTIC,    60, -2.653425633907e-01, 7.594275302836e-06, 4.9014e-01, 6.5088e-04, 
 2DIAGNOSTIC,    61, -2.653540074825e-01, 7.438092325174e-06, 4.9073e-01, 5.8794e-04, 
 2DIAGNOSTIC,    62, -2.653688788414e-01, 7.171692232077e-06, 4.9148e-01, 7.5388e-04, 
 2DIAGNOSTIC,    63, -2.653783559799e-01, 6.621790817007e-06, 4.9211e-01, 6.2799e-04, 
 2DIAGNOSTIC,    64, -2.654018104076e-01, 6.158416454127e-06, 4.9281e-01, 7.0095e-04, 
 2DIAGNOSTIC,    65, -2.655606269836e-01, 8.065401743806e-06, 4.9396e-01, 1.1501e-03, 
 2DIAGNOSTIC,    66, -2.655727863312e-01, 9.987711564463e-06, 4.9459e-01, 6.2680e-04, 
 2DIAGNOSTIC,    67, -2.656053304672e-01, 1.159960356745e-05, 4.9522e-01, 6.3086e-04, 
 2DIAGNOSTIC,    68, -2.656388282776e-01, 1.297219841945e-05, 4.9585e-01, 6.3205e-04, 
 2DIAGNOSTIC,    69, -2.656624019146e-01, 1.387333577441e-05, 4.9644e-01, 5.9319e-04, 
 2DIAGNOSTIC,    70, -2.656771242619e-01, 1.379241712129e-05, 4.9707e-01, 6.3109e-04, 
 2DIAGNOSTIC,    71, -2.657002806664e-01, 1.295065430895e-05, 4.9766e-01, 5.8699e-04, 
 2DIAGNOSTIC,    72, -2.657203376293e-01, 1.148088358605e-05, 4.9835e-01, 6.9499e-04, 
 2DIAGNOSTIC,    73, -2.657442092896e-01, 9.492579920334e-06, 4.9919e-01, 8.3709e-04, 
 2DIAGNOSTIC,    74, -2.657503783703e-01, 7.053693025227e-06, 4.9979e-01, 5.9319e-04, 
 2DIAGNOSTIC,    75, -2.657573521137e-01, 6.448775820900e-06, 5.0038e-01, 5.9295e-04, 
 2DIAGNOSTIC,    76, -2.657713592052e-01, 5.646787485603e-06, 5.0100e-01, 6.2013e-04, 
 2DIAGNOSTIC,    77, -2.657872438431e-01, 5.027347015130e-06, 5.0176e-01, 7.6103e-04, 
 2DIAGNOSTIC,    78, -2.657999098301e-01, 4.609678853740e-06, 5.0265e-01, 8.8596e-04, 
 2DIAGNOSTIC,    79, -2.658015787601e-01, 4.144180820731e-06, 5.0323e-01, 5.8794e-04, 
 2DIAGNOSTIC,    80, -2.658150196075e-01, 3.713040996445e-06, 5.0390e-01, 6.6495e-04, 
 2DIAGNOSTIC,    81, -2.658276855946e-01, 3.443248033363e-06, 5.0449e-01, 5.9199e-04, 
 2DIAGNOSTIC,    82, -2.658343613148e-01, 3.225406999263e-06, 5.0507e-01, 5.8103e-04, 
 2DIAGNOSTIC,    83, -2.658406794071e-01, 3.133695827273e-06, 5.0571e-01, 6.3920e-04, 
 2DIAGNOSTIC,    84, -2.658573687077e-01, 3.076281700487e-06, 5.0682e-01, 1.1139e-03, 
 2DIAGNOSTIC,    85, -2.658573389053e-01, 2.841110244844e-06, 5.0753e-01, 7.0691e-04, 
 2DIAGNOSTIC,    86, -2.658575177193e-01, 2.548810471126e-06, 5.0820e-01, 6.6900e-04, 
 2DIAGNOSTIC,    87, -2.658573091030e-01, 2.247664724564e-06, 5.0886e-01, 6.5899e-04, 
 2DIAGNOSTIC,    88, -2.658574581146e-01, 1.931193082783e-06, 5.0946e-01, 5.9605e-04, 
 2DIAGNOSTIC,    89, -2.658578157425e-01, 1.489941951149e-06, 5.1012e-01, 6.6400e-04, 
 2DIAGNOSTIC,    90, -2.658581733704e-01, 1.112354198085e-06, 5.1070e-01, 5.7983e-04, 
DIAGNOSTIC,Iteration,metricValue,convergenceValue,ITERATION_TIME_INDEX,SINCE_LAST
 2DIAGNOSTIC,     1, -6.229191645980e-02, inf, 1.0286e+00, 5.1794e-01, 
 2DIAGNOSTIC,     2, -6.318729370832e-02, inf, 1.0307e+00, 2.0850e-03, 
 2DIAGNOSTIC,     3, -6.437391042709e-02, inf, 1.0327e+00, 1.9541e-03, 
 2DIAGNOSTIC,     4, -6.497962027788e-02, inf, 1.0353e+00, 2.5890e-03, 
 2DIAGNOSTIC,     5, -6.559596955776e-02, inf, 1.0375e+00, 2.2709e-03, 
 2DIAGNOSTIC,     6, -6.558593362570e-02, inf, 1.0398e+00, 2.2569e-03, 
 2DIAGNOSTIC,     7, -6.547982990742e-02, inf, 1.0423e+00, 2.5389e-03, 
 2DIAGNOSTIC,     8, -6.558978557587e-02, inf, 1.0455e+00, 3.1359e-03, 
 2DIAGNOSTIC,     9, -6.561584025621e-02, inf, 1.0477e+00, 2.1880e-03, 
 2DIAGNOSTIC,    10, -6.543783843517e-02, 2.789010759443e-03, 1.0500e+00, 2.2938e-03, 
 2DIAGNOSTIC,    11, -6.546086072922e-02, 1.448394847102e-03, 1.0523e+00, 2.3208e-03, 
 2DIAGNOSTIC,    12, -6.547591835260e-02, 5.292533896863e-04, 1.0546e+00, 2.3060e-03, 
 2DIAGNOSTIC,    13, -6.545030325651e-02, 9.087096987059e-05, 1.0572e+00, 2.5740e-03, 
DIAGNOSTIC,Iteration,metricValue,convergenceValue,ITERATION_TIME_INDEX,SINCE_LAST
 2DIAGNOSTIC,     1, -2.805046550930e-02, inf, 1.7073e+00, 6.5018e-01, 
 2DIAGNOSTIC,     2, -2.809477970004e-02, inf, 1.7236e+00, 1.6253e-02, 
 2DIAGNOSTIC,     3, -2.812641859055e-02, inf, 1.7375e+00, 1.3911e-02, 
 2DIAGNOSTIC,     4, -2.819403074682e-02, inf, 1.7511e+00, 1.3558e-02, 
 2DIAGNOSTIC,     5, -2.844166383147e-02, inf, 1.7648e+00, 1.3758e-02, 
 2DIAGNOSTIC,     6, -2.912910468876e-02, inf, 1.7780e+00, 1.3149e-02, 
 2DIAGNOSTIC,     7, -2.950024232268e-02, inf, 1.7920e+00, 1.4021e-02, 
 2DIAGNOSTIC,     8, -3.030460141599e-02, inf, 1.8088e+00, 1.6800e-02, 
 2DIAGNOSTIC,     9, -3.062037751079e-02, inf, 1.8240e+00, 1.5230e-02, 
 2DIAGNOSTIC,    10, -3.061515092850e-02, 6.861318834126e-03, 1.8408e+00, 1.6775e-02, 
 2DIAGNOSTIC,    11, -3.038787655532e-02, 6.281748879701e-03, 1.8558e+00, 1.5022e-02, 
 2DIAGNOSTIC,    12, -3.055769577622e-02, 5.414475221187e-03, 1.8802e+00, 2.4360e-02, 
 2DIAGNOSTIC,    13, -3.070922009647e-02, 4.324431996793e-03, 1.9033e+00, 2.3127e-02, 
 2DIAGNOSTIC,    14, -3.067341633141e-02, 3.022234188393e-03, 1.9300e+00, 2.6656e-02, 
 2DIAGNOSTIC,    15, -3.069812431931e-02, 1.801219535992e-03, 1.9509e+00, 2.0977e-02, 
 2DIAGNOSTIC,    16, -3.069871291518e-02, 9.905816987157e-04, 1.9699e+00, 1.9002e-02, 
 2DIAGNOSTIC,    17, -3.068691119552e-02, 3.771243209485e-04, 1.9886e+00, 1.8680e-02, 
 2DIAGNOSTIC,    18, -3.068527951837e-02, 2.167654747609e-04, 2.0051e+00, 1.6473e-02, 
 2DIAGNOSTIC,    19, -3.067885711789e-02, 2.090036578011e-04, 2.0195e+00, 1.4451e-02, 
 2DIAGNOSTIC,    20, -3.067072294652e-02, 1.815535215428e-04, 2.0365e+00, 1.6916e-02, 
 2DIAGNOSTIC,    21, -3.067229315639e-02, 3.632056905190e-05, 2.0531e+00, 1.6669e-02, 
DIAGNOSTIC,Iteration,metricValue,convergenceValue,ITERATION_TIME_INDEX,SINCE_LAST
 2DIAGNOSTIC,     1, -1.890964806080e-02, inf, 3.3445e+00, 1.2914e+00, 
 2DIAGNOSTIC,     2, -1.912732794881e-02, inf, 3.4435e+00, 9.8990e-02, 
 2DIAGNOSTIC,     3, -1.926877163351e-02, inf, 3.5579e+00, 1.1441e-01, 
 2DIAGNOSTIC,     4, -1.943061500788e-02, inf, 3.6737e+00, 1.1584e-01, 
 2DIAGNOSTIC,     5, -1.948868110776e-02, inf, 3.7749e+00, 1.0120e-01, 
 2DIAGNOSTIC,     6, -1.957940310240e-02, inf, 3.8768e+00, 1.0186e-01, 
 2DIAGNOSTIC,     7, -1.980626955628e-02, inf, 3.9936e+00, 1.1685e-01, 
 2DIAGNOSTIC,     8, -1.998099125922e-02, inf, 4.0943e+00, 1.0063e-01, 
 2DIAGNOSTIC,     9, -2.011957392097e-02, inf, 4.2137e+00, 1.1946e-01, 
 2DIAGNOSTIC,    10, -2.074815891683e-02, 4.915658850223e-03, 4.3220e+00, 1.0826e-01, 
 2DIAGNOSTIC,    11, -2.115988358855e-02, 5.326038226485e-03, 4.4279e+00, 1.0592e-01, 
 2DIAGNOSTIC,    12, -2.443701773882e-02, 9.212860837579e-03, 4.5310e+00, 1.0310e-01, 
 2DIAGNOSTIC,    13, -2.832171507180e-02, 1.554465945810e-02, 4.7561e+00, 2.2510e-01, 
 2DIAGNOSTIC,    14, -2.835375815630e-02, 1.941817253828e-02, 4.9083e+00, 1.5219e-01, 
 2DIAGNOSTIC,    15, -2.836450003088e-02, 2.102258428931e-02, 5.0337e+00, 1.2537e-01, 
 2DIAGNOSTIC,    16, -2.836231701076e-02, 2.058152295649e-02, 5.1725e+00, 1.3884e-01, 
 2DIAGNOSTIC,    17, -2.836184576154e-02, 1.846185512841e-02, 5.2939e+00, 1.2139e-01, 
 2DIAGNOSTIC,    18, -2.835642732680e-02, 1.502292510122e-02, 5.4177e+00, 1.2380e-01, 
 2DIAGNOSTIC,    19, -2.835275977850e-02, 1.075549051166e-02, 5.6030e+00, 1.8529e-01, 
 2DIAGNOSTIC,    20, -2.835309877992e-02, 6.452160887420e-03, 5.7404e+00, 1.3743e-01, 
 2DIAGNOSTIC,    21, -2.835237048566e-02, 2.252829028293e-03, 5.8667e+00, 1.2633e-01, 
 2DIAGNOSTIC,    22, -2.834771759808e-02, 7.895653652668e-06, 5.9896e+00, 1.2289e-01, 
  Elapsed time (stage 0): 6.2381e+00


Total elapsed time: 6.2395e+00
Transforming MT-off to MNI
Transforming MT-on to MNI
