Loading spm/spm12
  Loading requirement: matlab/r2019a
Non-commercial use only - see $FSLDIR/LICENSE
N4 bias corrrection
Centring images
MATLAB is selecting SOFTWARE OPENGL rendering.

Written new image at:
	/home/tom29/rds/hpc-work/cbbu_BIDS/sub-42/anat/sub-42_acq-LC_mt-on_MTS_N4_centred.nii

MATLAB is selecting SOFTWARE OPENGL rendering.

Written new image at:
	/home/tom29/rds/hpc-work/cbbu_BIDS/sub-42/anat/sub-42_acq-LC_mt-off_MTS_N4_centred.nii

Registering MT-on to MT-off
All_Command_lines_OK
Using single precision for computations.
  number of levels = 4
  fixed image: /home/tom29/rds/hpc-work/cbbu_BIDS/sub-42/anat/sub-42_acq-LC_mt-off_MTS_N4_centred.nii.gz
  moving image: /home/tom29/rds/hpc-work/cbbu_BIDS/sub-42/anat/sub-42_acq-LC_mt-on_MTS_N4_centred.nii.gz
Dimension = 3
Number of stages = 1
Use histogram matching = false
Winsorize image intensities = true
  Lower quantile = 0.005
  Upper quantile = 0.995


Stage 1 State
   Image metric = MattesMI
     Fixed image = Image (0x43233c0)
  RTTI typeinfo:   itk::Image<float, 3u>
  Reference Count: 2
  Modified Time: 1076
  Debug: Off
  Object Name: 
  Observers: 
    none
  Source: (none)
  Source output name: (none)
  Release Data: Off
  Data Released: False
  Global Release Data: Off
  PipelineMTime: 0
  UpdateMTime: 685
  RealTimeStamp: 0 seconds 
  LargestPossibleRegion: 
    Dimension: 3
    Index: [0, 0, 0]
    Size: [448, 448, 112]
  BufferedRegion: 
    Dimension: 3
    Index: [0, 0, 0]
    Size: [448, 448, 112]
  RequestedRegion: 
    Dimension: 3
    Index: [0, 0, 0]
    Size: [448, 448, 112]
  Spacing: [0.428571, 0.428571, 0.5]
  Origin: [96.1322, 124.604, -25.5748]
  Direction: 
-0.999929 -0.000181099 -0.0119059
0.00305941 -0.970224 -0.242189
-0.0115075 -0.242208 0.970156

  IndexToPointMatrix: 
-0.428541 -7.76137e-05 -0.00595296
0.00131117 -0.41581 -0.121095
-0.00493181 -0.103804 0.485078

  PointToIndexMatrix: 
-2.33317 0.00713861 -0.0268509
-0.000422563 -2.26386 -0.565153
-0.0238118 -0.484378 1.94031

  Inverse Direction: 
-0.999929 0.00305941 -0.0115075
-0.000181098 -0.970224 -0.242208
-0.0119059 -0.242189 0.970156

  PixelContainer: 
    ImportImageContainer (0x430f890)
      RTTI typeinfo:   itk::ImportImageContainer<unsigned long, float>
      Reference Count: 1
      Modified Time: 682
      Debug: Off
      Object Name: 
      Observers: 
        none
      Pointer: 0x14d23fa83010
      Container manages memory: true
      Size: 22478848
      Capacity: 22478848

     Moving image = Image (0x4326b60)
  RTTI typeinfo:   itk::Image<float, 3u>
  Reference Count: 2
  Modified Time: 1077
  Debug: Off
  Object Name: 
  Observers: 
    none
  Source: (none)
  Source output name: (none)
  Release Data: Off
  Data Released: False
  Global Release Data: Off
  PipelineMTime: 0
  UpdateMTime: 1074
  RealTimeStamp: 0 seconds 
  LargestPossibleRegion: 
    Dimension: 3
    Index: [0, 0, 0]
    Size: [448, 448, 112]
  BufferedRegion: 
    Dimension: 3
    Index: [0, 0, 0]
    Size: [448, 448, 112]
  RequestedRegion: 
    Dimension: 3
    Index: [0, 0, 0]
    Size: [448, 448, 112]
  Spacing: [0.428571, 0.428571, 0.5]
  Origin: [96.1322, 124.604, -25.5748]
  Direction: 
-0.999929 -0.000181099 -0.0119059
0.00305941 -0.970224 -0.242189
-0.0115075 -0.242208 0.970156

  IndexToPointMatrix: 
-0.428541 -7.76137e-05 -0.00595296
0.00131117 -0.41581 -0.121095
-0.00493181 -0.103804 0.485078

  PointToIndexMatrix: 
-2.33317 0.00713861 -0.0268509
-0.000422563 -2.26386 -0.565153
-0.0238118 -0.484378 1.94031

  Inverse Direction: 
-0.999929 0.00305941 -0.0115075
-0.000181098 -0.970224 -0.242208
-0.0119059 -0.242189 0.970156

  PixelContainer: 
    ImportImageContainer (0x4326b00)
      RTTI typeinfo:   itk::ImportImageContainer<unsigned long, float>
      Reference Count: 1
      Modified Time: 1071
      Debug: Off
      Object Name: 
      Observers: 
        none
      Pointer: 0x14d23a4c2010
      Container manages memory: true
      Size: 22478848
      Capacity: 22478848

     Weighting = 1
     Sampling strategy = regular
     Number of bins = 32
     Radius = 4
     Sampling percentage  = 0.25
   Transform = Rigid
     Gradient step = 0.1
     Update field sigma (voxel space) = 0
     Total field sigma (voxel space) = 0
     Update field time sigma = 0
     Total field time sigma  = 0
     Number of time indices = 0
     Number of time point samples = 0
Registration using 1 total stages.

Stage 0
  iterations = 1000x500x250x100
  convergence threshold = 1e-06
  convergence window size = 10
  number of levels = 4
  using the Mattes MI metric (number of bins = 32, weight = 1, use gradient filter = 0)
  preprocessing:  winsorizing the image intensities
  Shrink factors (level 1 out of 4): [8, 8, 7]
  Shrink factors (level 2 out of 4): [4, 4, 3]
  Shrink factors (level 3 out of 4): [2, 2, 2]
  Shrink factors (level 4 out of 4): [1, 1, 1]
  smoothing sigmas per level: [3, 2, 1, 0]
  regular sampling (percentage = 0.25)

*** Running Euler3DTransform registration ***

DIAGNOSTIC,Iteration,metricValue,convergenceValue,ITERATION_TIME_INDEX,SINCE_LAST
 2DIAGNOSTIC,     1, -1.407268285751e+00, inf, 5.7311e-01, 5.7311e-01, 
 2DIAGNOSTIC,     2, -1.418774724007e+00, inf, 5.7694e-01, 3.8350e-03, 
 2DIAGNOSTIC,     3, -1.422392368317e+00, inf, 5.8057e-01, 3.6330e-03, 
 2DIAGNOSTIC,     4, -1.424034118652e+00, inf, 5.8400e-01, 3.4289e-03, 
 2DIAGNOSTIC,     5, -1.427276372910e+00, inf, 5.9074e-01, 6.7410e-03, 
 2DIAGNOSTIC,     6, -1.427445530891e+00, inf, 5.9413e-01, 3.3801e-03, 
 2DIAGNOSTIC,     7, -1.427528023720e+00, inf, 5.9792e-01, 3.7990e-03, 
 2DIAGNOSTIC,     8, -1.427527427673e+00, inf, 6.0121e-01, 3.2909e-03, 
 2DIAGNOSTIC,     9, -1.427588582039e+00, inf, 6.0494e-01, 3.7301e-03, 
 2DIAGNOSTIC,    10, -1.427634954453e+00, 6.685363478027e-04, 6.0847e-01, 3.5210e-03, 
 2DIAGNOSTIC,    11, -1.427623748779e+00, 2.941935381386e-04, 6.1192e-01, 3.4540e-03, 
 2DIAGNOSTIC,    12, -1.427674531937e+00, 1.479183702031e-04, 6.1566e-01, 3.7451e-03, 
 2DIAGNOSTIC,    13, -1.427718281746e+00, 6.716694770148e-05, 6.1934e-01, 3.6790e-03, 
 2DIAGNOSTIC,    14, -1.427646517754e+00, 1.316030011367e-05, 6.2285e-01, 3.5090e-03, 
 2DIAGNOSTIC,    15, -1.427777171135e+00, 1.020090439852e-05, 6.2673e-01, 3.8762e-03, 
 2DIAGNOSTIC,    16, -1.427874565125e+00, 1.012580923998e-05, 6.3194e-01, 5.2080e-03, 
 2DIAGNOSTIC,    17, -1.427882909775e+00, 1.035452987708e-05, 6.3618e-01, 4.2460e-03, 
 2DIAGNOSTIC,    18, -1.427883148193e+00, 9.781888365978e-06, 6.3991e-01, 3.7260e-03, 
 2DIAGNOSTIC,    19, -1.427883982658e+00, 9.194426638715e-06, 6.4361e-01, 3.6972e-03, 
 2DIAGNOSTIC,    20, -1.427883982658e+00, 8.424111001659e-06, 6.4730e-01, 3.6950e-03, 
 2DIAGNOSTIC,    21, -1.427883863449e+00, 6.943087100808e-06, 6.5128e-01, 3.9771e-03, 
 2DIAGNOSTIC,    22, -1.427883863449e+00, 5.546006832446e-06, 6.5503e-01, 3.7498e-03, 
 2DIAGNOSTIC,    23, -1.427883625031e+00, 4.309100859246e-06, 6.5895e-01, 3.9191e-03, 
 2DIAGNOSTIC,    24, -1.427884221077e+00, 2.290015117978e-06, 6.6255e-01, 3.5992e-03, 
 2DIAGNOSTIC,    25, -1.427885055542e+00, 1.368728476336e-06, 6.6631e-01, 3.7651e-03, 
 2DIAGNOSTIC,    26, -1.427884697914e+00, 1.251334424524e-06, 6.7007e-01, 3.7630e-03, 
 2DIAGNOSTIC,    27, -1.427884697914e+00, 1.201991153721e-06, 6.7386e-01, 3.7811e-03, 
 2DIAGNOSTIC,    28, -1.427884459496e+00, 1.153943912868e-06, 6.7820e-01, 4.3440e-03, 
 2DIAGNOSTIC,    29, -1.427884340286e+00, 1.112466179620e-06, 6.8205e-01, 3.8478e-03, 
 2DIAGNOSTIC,    30, -1.427884817123e+00, 1.075457817024e-06, 6.8684e-01, 4.7970e-03, 
 2DIAGNOSTIC,    31, -1.427884697914e+00, 1.037915467350e-06, 6.9082e-01, 3.9771e-03, 
 2DIAGNOSTIC,    32, -1.427884697914e+00, 1.001928808364e-06, 6.9429e-01, 3.4680e-03, 
DIAGNOSTIC,Iteration,metricValue,convergenceValue,ITERATION_TIME_INDEX,SINCE_LAST
 2DIAGNOSTIC,     1, -1.342848062515e+00, inf, 1.3496e+00, 6.5532e-01, 
 2DIAGNOSTIC,     2, -1.343206882477e+00, inf, 1.4061e+00, 5.6470e-02, 
 2DIAGNOSTIC,     3, -1.343231081963e+00, inf, 1.4497e+00, 4.3646e-02, 
 2DIAGNOSTIC,     4, -1.343287944794e+00, inf, 1.5169e+00, 6.7158e-02, 
 2DIAGNOSTIC,     5, -1.343278408051e+00, inf, 1.5852e+00, 6.8332e-02, 
 2DIAGNOSTIC,     6, -1.343278884888e+00, inf, 1.6286e+00, 4.3337e-02, 
 2DIAGNOSTIC,     7, -1.343281745911e+00, inf, 1.6710e+00, 4.2398e-02, 
 2DIAGNOSTIC,     8, -1.343301534653e+00, inf, 1.7131e+00, 4.2131e-02, 
 2DIAGNOSTIC,     9, -1.343314170837e+00, inf, 1.7614e+00, 4.8363e-02, 
 2DIAGNOSTIC,    10, -1.343326210976e+00, 1.626838638913e-05, 1.8061e+00, 4.4701e-02, 
 2DIAGNOSTIC,    11, -1.343323707581e+00, 7.308391104743e-06, 1.8508e+00, 4.4691e-02, 
 2DIAGNOSTIC,    12, -1.343332171440e+00, 5.924126980972e-06, 1.8935e+00, 4.2649e-02, 
 2DIAGNOSTIC,    13, -1.343335986137e+00, 4.877342234977e-06, 1.9365e+00, 4.2984e-02, 
 2DIAGNOSTIC,    14, -1.343334674835e+00, 4.598090526997e-06, 1.9841e+00, 4.7671e-02, 
 2DIAGNOSTIC,    15, -1.343331098557e+00, 3.963345534430e-06, 2.0399e+00, 5.5809e-02, 
 2DIAGNOSTIC,    16, -1.343330979347e+00, 3.250008603572e-06, 2.0918e+00, 5.1881e-02, 
 2DIAGNOSTIC,    17, -1.343333125114e+00, 2.561426072134e-06, 2.1543e+00, 6.2477e-02, 
 2DIAGNOSTIC,    18, -1.343332648277e+00, 2.107068894475e-06, 2.2105e+00, 5.6167e-02, 
 2DIAGNOSTIC,    19, -1.343332052231e+00, 1.801141024771e-06, 2.2671e+00, 5.6659e-02, 
 2DIAGNOSTIC,    20, -1.343332648277e+00, 1.651376805967e-06, 2.3242e+00, 5.7111e-02, 
 2DIAGNOSTIC,    21, -1.343332529068e+00, 1.481341200815e-06, 2.3808e+00, 5.6572e-02, 
 2DIAGNOSTIC,    22, -1.343332409859e+00, 1.408057869412e-06, 2.4327e+00, 5.1904e-02, 
 2DIAGNOSTIC,    23, -1.343332171440e+00, 1.377650505674e-06, 2.4772e+00, 4.4475e-02, 
 2DIAGNOSTIC,    24, -1.343332409859e+00, 1.342143150396e-06, 2.5278e+00, 5.0564e-02, 
 2DIAGNOSTIC,    25, -1.343332529068e+00, 1.278673039451e-06, 2.5804e+00, 5.2652e-02, 
 2DIAGNOSTIC,    26, -1.343332529068e+00, 1.217867634296e-06, 2.6295e+00, 4.9101e-02, 
 2DIAGNOSTIC,    27, -1.343332290649e+00, 1.177237663796e-06, 2.6834e+00, 5.3857e-02, 
 2DIAGNOSTIC,    28, -1.343332409859e+00, 1.137158164966e-06, 2.7331e+00, 4.9762e-02, 
 2DIAGNOSTIC,    29, -1.343332529068e+00, 1.096042410609e-06, 2.8039e+00, 7.0817e-02, 
 2DIAGNOSTIC,    30, -1.343332886696e+00, 1.064401430995e-06, 2.8517e+00, 4.7755e-02, 
 2DIAGNOSTIC,    31, -1.343332886696e+00, 1.033591843225e-06, 2.9002e+00, 4.8521e-02, 
 2DIAGNOSTIC,    32, -1.343332409859e+00, 1.000204065349e-06, 2.9531e+00, 5.2855e-02, 
DIAGNOSTIC,Iteration,metricValue,convergenceValue,ITERATION_TIME_INDEX,SINCE_LAST
 2DIAGNOSTIC,     1, -1.256491422653e+00, inf, 4.0219e+00, 1.0688e+00, 
 2DIAGNOSTIC,     2, -1.256808757782e+00, inf, 4.2407e+00, 2.1882e-01, 
 2DIAGNOSTIC,     3, -1.256822347641e+00, inf, 4.4696e+00, 2.2890e-01, 
 2DIAGNOSTIC,     4, -1.256833553314e+00, inf, 4.6473e+00, 1.7771e-01, 
 2DIAGNOSTIC,     5, -1.256845235825e+00, inf, 4.8255e+00, 1.7813e-01, 
 2DIAGNOSTIC,     6, -1.256881117821e+00, inf, 4.9970e+00, 1.7151e-01, 
 2DIAGNOSTIC,     7, -1.256944179535e+00, inf, 5.2068e+00, 2.0984e-01, 
 2DIAGNOSTIC,     8, -1.257016897202e+00, inf, 5.4061e+00, 1.9931e-01, 
 2DIAGNOSTIC,     9, -1.257015943527e+00, inf, 5.6084e+00, 2.0229e-01, 
 2DIAGNOSTIC,    10, -1.257019996643e+00, 2.361715996813e-05, 5.9083e+00, 2.9985e-01, 
 2DIAGNOSTIC,    11, -1.257018804550e+00, 1.525322113594e-05, 6.0751e+00, 1.6683e-01, 
 2DIAGNOSTIC,    12, -1.257022500038e+00, 1.319671264355e-05, 6.2661e+00, 1.9100e-01, 
 2DIAGNOSTIC,    13, -1.257023453712e+00, 1.073812836694e-05, 6.4633e+00, 1.9725e-01, 
 2DIAGNOSTIC,    14, -1.257024526596e+00, 8.089814400591e-06, 6.6606e+00, 1.9725e-01, 
 2DIAGNOSTIC,    15, -1.257023930550e+00, 5.444200724014e-06, 6.8552e+00, 1.9464e-01, 
 2DIAGNOSTIC,    16, -1.257023811340e+00, 3.317092932775e-06, 7.0614e+00, 2.0619e-01, 
 2DIAGNOSTIC,    17, -1.257023572922e+00, 2.125874516423e-06, 7.2505e+00, 1.8912e-01, 
 2DIAGNOSTIC,    18, -1.257025003433e+00, 1.975175791813e-06, 7.4552e+00, 2.0465e-01, 
 2DIAGNOSTIC,    19, -1.257026195526e+00, 1.822305989663e-06, 7.6643e+00, 2.0908e-01, 
 2DIAGNOSTIC,    20, -1.257024168968e+00, 1.694789716566e-06, 7.8549e+00, 1.9058e-01, 
 2DIAGNOSTIC,    21, -1.257024645805e+00, 1.562266788824e-06, 8.0791e+00, 2.2425e-01, 
 2DIAGNOSTIC,    22, -1.257023811340e+00, 1.466321236876e-06, 8.2772e+00, 1.9811e-01, 
 2DIAGNOSTIC,    23, -1.257022738457e+00, 1.374946805299e-06, 8.4913e+00, 2.1410e-01, 
 2DIAGNOSTIC,    24, -1.257022857666e+00, 1.303394242314e-06, 8.6622e+00, 1.7092e-01, 
 2DIAGNOSTIC,    25, -1.257022738457e+00, 1.233368834619e-06, 8.8596e+00, 1.9733e-01, 
 2DIAGNOSTIC,    26, -1.257025003433e+00, 1.191358819597e-06, 9.0576e+00, 1.9801e-01, 
 2DIAGNOSTIC,    27, -1.257025718689e+00, 1.158581312666e-06, 9.2509e+00, 1.9326e-01, 
 2DIAGNOSTIC,    28, -1.257025957108e+00, 1.143269287240e-06, 9.4473e+00, 1.9648e-01, 
 2DIAGNOSTIC,    29, -1.257026195526e+00, 1.140204403782e-06, 9.6429e+00, 1.9554e-01, 
 2DIAGNOSTIC,    30, -1.257026076317e+00, 1.116775592891e-06, 9.8354e+00, 1.9250e-01, 
 2DIAGNOSTIC,    31, -1.257026076317e+00, 1.092871229957e-06, 1.0026e+01, 1.9093e-01, 
 2DIAGNOSTIC,    32, -1.257025122643e+00, 1.051585286405e-06, 1.0225e+01, 1.9901e-01, 
 2DIAGNOSTIC,    33, -1.257025241852e+00, 1.001156078928e-06, 1.0426e+01, 2.0088e-01, 
DIAGNOSTIC,Iteration,metricValue,convergenceValue,ITERATION_TIME_INDEX,SINCE_LAST
 2DIAGNOSTIC,     1, -1.131270051003e+00, inf, 1.3234e+01, 2.8082e+00, 
 2DIAGNOSTIC,     2, -1.131877660751e+00, inf, 1.4349e+01, 1.1148e+00, 
 2DIAGNOSTIC,     3, -1.131935954094e+00, inf, 1.5483e+01, 1.1337e+00, 
 2DIAGNOSTIC,     4, -1.132002830505e+00, inf, 1.6458e+01, 9.7564e-01, 
 2DIAGNOSTIC,     5, -1.132220029831e+00, inf, 1.7447e+01, 9.8807e-01, 
 2DIAGNOSTIC,     6, -1.132373809814e+00, inf, 1.8907e+01, 1.4605e+00, 
 2DIAGNOSTIC,     7, -1.132399916649e+00, inf, 2.0025e+01, 1.1180e+00, 
 2DIAGNOSTIC,     8, -1.132406592369e+00, inf, 2.1096e+01, 1.0709e+00, 
 2DIAGNOSTIC,     9, -1.132407188416e+00, inf, 2.2213e+01, 1.1170e+00, 
 2DIAGNOSTIC,    10, -1.132407307625e+00, 5.693098137272e-05, 2.3545e+01, 1.3317e+00, 
 2DIAGNOSTIC,    11, -1.132407188416e+00, 3.293943518656e-05, 2.4776e+01, 1.2310e+00, 
 2DIAGNOSTIC,    12, -1.132407188416e+00, 2.299839434272e-05, 2.5934e+01, 1.1585e+00, 
 2DIAGNOSTIC,    13, -1.132406949997e+00, 1.392879948980e-05, 2.7016e+01, 1.0821e+00, 
 2DIAGNOSTIC,    14, -1.132406711578e+00, 6.235733962967e-06, 2.8376e+01, 1.3601e+00, 
 2DIAGNOSTIC,    15, -1.132406473160e+00, 2.770818355202e-06, 2.9467e+01, 1.0909e+00, 
 2DIAGNOSTIC,    16, -1.132406353951e+00, 2.079910473185e-06, 3.0571e+01, 1.1034e+00, 
 2DIAGNOSTIC,    17, -1.132406473160e+00, 1.846396685323e-06, 3.1727e+01, 1.1564e+00, 
 2DIAGNOSTIC,    18, -1.132406353951e+00, 1.732279088174e-06, 3.2844e+01, 1.1166e+00, 
 2DIAGNOSTIC,    19, -1.132405877113e+00, 1.635061607885e-06, 3.3920e+01, 1.0766e+00, 
 2DIAGNOSTIC,    20, -1.132406115532e+00, 1.555951598675e-06, 3.5016e+01, 1.0957e+00, 
 2DIAGNOSTIC,    21, -1.132406234741e+00, 1.487387976340e-06, 3.6035e+01, 1.0194e+00, 
 2DIAGNOSTIC,    22, -1.132406353951e+00, 1.428883365406e-06, 3.7160e+01, 1.1248e+00, 
 2DIAGNOSTIC,    23, -1.132406353951e+00, 1.374551857225e-06, 3.8272e+01, 1.1113e+00, 
 2DIAGNOSTIC,    24, -1.132406353951e+00, 1.323256014985e-06, 3.9269e+01, 9.9766e-01, 
 2DIAGNOSTIC,    25, -1.132406592369e+00, 1.276301077269e-06, 4.0377e+01, 1.1076e+00, 
 2DIAGNOSTIC,    26, -1.132406592369e+00, 1.231231976817e-06, 4.1476e+01, 1.0992e+00, 
 2DIAGNOSTIC,    27, -1.132406473160e+00, 1.188798592011e-06, 4.2641e+01, 1.1655e+00, 
 2DIAGNOSTIC,    28, -1.132406592369e+00, 1.148628712144e-06, 4.3766e+01, 1.1243e+00, 
 2DIAGNOSTIC,    29, -1.132406711578e+00, 1.106877562052e-06, 4.4880e+01, 1.1142e+00, 
 2DIAGNOSTIC,    30, -1.132406592369e+00, 1.067889343176e-06, 4.6016e+01, 1.1362e+00, 
 2DIAGNOSTIC,    31, -1.132406592369e+00, 1.031698161569e-06, 4.7115e+01, 1.0991e+00, 
  Elapsed time (stage 0): 4.8037e+01


Total elapsed time: 4.8039e+01
Registering MT-off to MP2RAGE
All_Command_lines_OK
Using single precision for computations.
  Reading mask(s).
    Registration stage 0
      Fixed mask = /home/tom29/rds/hpc-work/cbbu_BIDS/sub-42/anat/sub-42_mask_centred.nii.gz
 file NULL does not exist . 
      No moving mask
  number of levels = 4
  fixed image: /home/tom29/rds/hpc-work/cbbu_BIDS/sub-42/anat/sub-42_acq-whole_UNI_MP2RAGE_brain_N4_centred.nii.gz
  moving image: /home/tom29/rds/hpc-work/cbbu_BIDS/sub-42/anat/sub-42_acq-LC_mt-off_MTS_N4_centred.nii.gz
Dimension = 3
Number of stages = 1
Use histogram matching = false
Winsorize image intensities = true
  Lower quantile = 0.005
  Upper quantile = 0.995


Stage 1 State
   Image metric = MattesMI
     Fixed image = Image (0x4b4d9e0)
  RTTI typeinfo:   itk::Image<float, 3u>
  Reference Count: 2
  Modified Time: 1519
  Debug: Off
  Object Name: 
  Observers: 
    none
  Source: (none)
  Source output name: (none)
  Release Data: Off
  Data Released: False
  Global Release Data: Off
  PipelineMTime: 0
  UpdateMTime: 1128
  RealTimeStamp: 0 seconds 
  LargestPossibleRegion: 
    Dimension: 3
    Index: [0, 0, 0]
    Size: [224, 300, 320]
  BufferedRegion: 
    Dimension: 3
    Index: [0, 0, 0]
    Size: [224, 300, 320]
  RequestedRegion: 
    Dimension: 3
    Index: [0, 0, 0]
    Size: [224, 300, 320]
  Spacing: [0.75, 0.75, 0.75]
  Origin: [81.0071, 145.065, -116.501]
  Direction: 
-0.999827 0.0186146 0.000128406
-0.0182087 -0.976543 -0.214551
-0.00386839 -0.214516 0.976713

  IndexToPointMatrix: 
-0.74987 0.013961 9.63044e-05
-0.0136565 -0.732407 -0.160913
-0.00290129 -0.160887 0.732535

  PointToIndexMatrix: 
-1.3331 -0.0242783 -0.00515786
0.0248195 -1.30206 -0.286021
0.000171208 -0.286068 1.30228

  Inverse Direction: 
-0.999827 -0.0182087 -0.00386839
0.0186146 -0.976543 -0.214516
0.000128406 -0.214551 0.976713

  PixelContainer: 
    ImportImageContainer (0x4b3cb40)
      RTTI typeinfo:   itk::ImportImageContainer<unsigned long, float>
      Reference Count: 1
      Modified Time: 1125
      Debug: Off
      Object Name: 
      Observers: 
        none
      Pointer: 0x14a7bc80c010
      Container manages memory: true
      Size: 21504000
      Capacity: 21504000

     Moving image = Image (0x4b58a40)
  RTTI typeinfo:   itk::Image<float, 3u>
  Reference Count: 2
  Modified Time: 1520
  Debug: Off
  Object Name: 
  Observers: 
    none
  Source: (none)
  Source output name: (none)
  Release Data: Off
  Data Released: False
  Global Release Data: Off
  PipelineMTime: 0
  UpdateMTime: 1517
  RealTimeStamp: 0 seconds 
  LargestPossibleRegion: 
    Dimension: 3
    Index: [0, 0, 0]
    Size: [448, 448, 112]
  BufferedRegion: 
    Dimension: 3
    Index: [0, 0, 0]
    Size: [448, 448, 112]
  RequestedRegion: 
    Dimension: 3
    Index: [0, 0, 0]
    Size: [448, 448, 112]
  Spacing: [0.428571, 0.428571, 0.5]
  Origin: [96.1322, 124.604, -25.5748]
  Direction: 
-0.999929 -0.000181099 -0.0119059
0.00305941 -0.970224 -0.242189
-0.0115075 -0.242208 0.970156

  IndexToPointMatrix: 
-0.428541 -7.76137e-05 -0.00595296
0.00131117 -0.41581 -0.121095
-0.00493181 -0.103804 0.485078

  PointToIndexMatrix: 
-2.33317 0.00713861 -0.0268509
-0.000422563 -2.26386 -0.565153
-0.0238118 -0.484378 1.94031

  Inverse Direction: 
-0.999929 0.00305941 -0.0115075
-0.000181098 -0.970224 -0.242208
-0.0119059 -0.242189 0.970156

  PixelContainer: 
    ImportImageContainer (0x4b50cc0)
      RTTI typeinfo:   itk::ImportImageContainer<unsigned long, float>
      Reference Count: 1
      Modified Time: 1514
      Debug: Off
      Object Name: 
      Observers: 
        none
      Pointer: 0x14a7b724b010
      Container manages memory: true
      Size: 22478848
      Capacity: 22478848

     Weighting = 1
     Sampling strategy = regular
     Number of bins = 32
     Radius = 4
     Sampling percentage  = 0.25
   Transform = Rigid
     Gradient step = 0.1
     Update field sigma (voxel space) = 0
     Total field sigma (voxel space) = 0
     Update field time sigma = 0
     Total field time sigma  = 0
     Number of time indices = 0
     Number of time point samples = 0
Registration using 1 total stages.

Stage 0
  iterations = 1000x500x250x100
  convergence threshold = 1e-06
  convergence window size = 10
  number of levels = 4
  using the Mattes MI metric (number of bins = 32, weight = 1, use gradient filter = 0)
  preprocessing:  winsorizing the image intensities
  Shrink factors (level 1 out of 4): [8, 8, 8]
  Shrink factors (level 2 out of 4): [4, 4, 4]
  Shrink factors (level 3 out of 4): [2, 2, 2]
  Shrink factors (level 4 out of 4): [1, 1, 1]
  smoothing sigmas per level: [3, 2, 1, 0]
  regular sampling (percentage = 0.25)

*** Running Euler3DTransform registration ***

DIAGNOSTIC,Iteration,metricValue,convergenceValue,ITERATION_TIME_INDEX,SINCE_LAST
 2DIAGNOSTIC,     1, -2.500356137753e-01, inf, 4.8726e-01, 4.8726e-01, 
 2DIAGNOSTIC,     2, -2.506054937840e-01, inf, 4.8807e-01, 8.0800e-04, 
 2DIAGNOSTIC,     3, -2.509771883488e-01, inf, 4.8873e-01, 6.6900e-04, 
 2DIAGNOSTIC,     4, -2.539232671261e-01, inf, 4.8934e-01, 6.0296e-04, 
 2DIAGNOSTIC,     5, -2.567426860332e-01, inf, 4.9004e-01, 7.0000e-04, 
 2DIAGNOSTIC,     6, -2.572321295738e-01, inf, 4.9072e-01, 6.8498e-04, 
 2DIAGNOSTIC,     7, -2.634841203690e-01, inf, 4.9147e-01, 7.4291e-04, 
 2DIAGNOSTIC,     8, -2.651602625847e-01, inf, 4.9218e-01, 7.1812e-04, 
 2DIAGNOSTIC,     9, -2.631467580795e-01, inf, 4.9290e-01, 7.1597e-04, 
 2DIAGNOSTIC,    10, -2.658087015152e-01, 4.550322424620e-03, 4.9375e-01, 8.4519e-04, 
 2DIAGNOSTIC,    11, -2.685734331608e-01, 4.233870189637e-03, 4.9460e-01, 8.5902e-04, 
 2DIAGNOSTIC,    12, -2.669631242752e-01, 3.489519702271e-03, 4.9550e-01, 8.9693e-04, 
 2DIAGNOSTIC,    13, -2.635793089867e-01, 2.300684107468e-03, 4.9637e-01, 8.7094e-04, 
 2DIAGNOSTIC,    14, -2.607238292694e-01, 1.096500083804e-03, 4.9734e-01, 9.6989e-04, 
 2DIAGNOSTIC,    15, -2.599926292896e-01, 1.098938519135e-04, 4.9828e-01, 9.3603e-04, 
DIAGNOSTIC,Iteration,metricValue,convergenceValue,ITERATION_TIME_INDEX,SINCE_LAST
 2DIAGNOSTIC,     1, -6.548744440079e-02, inf, 1.0148e+00, 5.1655e-01, 
 2DIAGNOSTIC,     2, -6.594856083393e-02, inf, 1.0172e+00, 2.3971e-03, 
 2DIAGNOSTIC,     3, -6.589544564486e-02, inf, 1.0195e+00, 2.2929e-03, 
 2DIAGNOSTIC,     4, -6.608613580465e-02, inf, 1.0216e+00, 2.1248e-03, 
 2DIAGNOSTIC,     5, -6.614068150520e-02, inf, 1.0242e+00, 2.5549e-03, 
 2DIAGNOSTIC,     6, -6.642893701792e-02, inf, 1.0264e+00, 2.2440e-03, 
 2DIAGNOSTIC,     7, -6.669849157333e-02, inf, 1.0289e+00, 2.4331e-03, 
 2DIAGNOSTIC,     8, -6.672500818968e-02, inf, 1.0317e+00, 2.7940e-03, 
 2DIAGNOSTIC,     9, -6.705264747143e-02, inf, 1.0342e+00, 2.5320e-03, 
 2DIAGNOSTIC,    10, -6.718201190233e-02, 1.534214825369e-03, 1.0368e+00, 2.6462e-03, 
 2DIAGNOSTIC,    11, -6.729094684124e-02, 1.349131576717e-03, 1.0401e+00, 3.2530e-03, 
 2DIAGNOSTIC,    12, -6.726813316345e-02, 1.231753383763e-03, 1.0427e+00, 2.5680e-03, 
 2DIAGNOSTIC,    13, -6.737557798624e-02, 1.039870199747e-03, 1.0454e+00, 2.7111e-03, 
 2DIAGNOSTIC,    14, -6.744500249624e-02, 8.603122550994e-04, 1.0480e+00, 2.5909e-03, 
 2DIAGNOSTIC,    15, -6.743548065424e-02, 6.368000758812e-04, 1.0502e+00, 2.2690e-03, 
 2DIAGNOSTIC,    16, -6.740079820156e-02, 4.504741227720e-04, 1.0532e+00, 2.9960e-03, 
 2DIAGNOSTIC,    17, -6.742465496063e-02, 3.201803192496e-04, 1.0555e+00, 2.2609e-03, 
 2DIAGNOSTIC,    18, -6.747264415026e-02, 1.905067038024e-04, 1.0578e+00, 2.3081e-03, 
 2DIAGNOSTIC,    19, -6.760098785162e-02, 1.578043738846e-04, 1.0600e+00, 2.2299e-03, 
 2DIAGNOSTIC,    20, -6.763637065887e-02, 1.479816710344e-04, 1.0623e+00, 2.2571e-03, 
 2DIAGNOSTIC,    21, -6.781746447086e-02, 1.850887929322e-04, 1.0645e+00, 2.1861e-03, 
 2DIAGNOSTIC,    22, -6.806835532188e-02, 2.445330028422e-04, 1.0676e+00, 3.1140e-03, 
 2DIAGNOSTIC,    23, -6.812635064125e-02, 3.049231308978e-04, 1.0712e+00, 3.5939e-03, 
 2DIAGNOSTIC,    24, -6.815344095230e-02, 3.491675015539e-04, 1.0738e+00, 2.5690e-03, 
 2DIAGNOSTIC,    25, -6.813544780016e-02, 3.532531263772e-04, 1.0760e+00, 2.2702e-03, 
 2DIAGNOSTIC,    26, -6.813831627369e-02, 3.186996327713e-04, 1.0783e+00, 2.2531e-03, 
 2DIAGNOSTIC,    27, -6.815989315510e-02, 2.633037511259e-04, 1.0805e+00, 2.2221e-03, 
 2DIAGNOSTIC,    28, -6.819331645966e-02, 1.990114687942e-04, 1.0827e+00, 2.2352e-03, 
 2DIAGNOSTIC,    29, -6.817275285721e-02, 1.368223311147e-04, 1.0851e+00, 2.3530e-03, 
 2DIAGNOSTIC,    30, -6.814970821142e-02, 6.778753595427e-05, 1.0883e+00, 3.2120e-03, 
 2DIAGNOSTIC,    31, -6.828897446394e-02, 3.986369119957e-05, 1.0911e+00, 2.8362e-03, 
 2DIAGNOSTIC,    32, -6.824890524149e-02, 3.694104088936e-05, 1.0937e+00, 2.5880e-03, 
 2DIAGNOSTIC,    33, -6.828186661005e-02, 4.253328006598e-05, 1.0961e+00, 2.3718e-03, 
 2DIAGNOSTIC,    34, -6.841230392456e-02, 6.363082502503e-05, 1.0986e+00, 2.5220e-03, 
 2DIAGNOSTIC,    35, -6.841656565666e-02, 7.549875590485e-05, 1.1014e+00, 2.7759e-03, 
 2DIAGNOSTIC,    36, -6.863463670015e-02, 1.053688247339e-04, 1.1040e+00, 2.6231e-03, 
 2DIAGNOSTIC,    37, -6.849741190672e-02, 1.098696448025e-04, 1.1066e+00, 2.6081e-03, 
 2DIAGNOSTIC,    38, -6.857052445412e-02, 1.164675559266e-04, 1.1096e+00, 2.9619e-03, 
 2DIAGNOSTIC,    39, -6.881215423346e-02, 1.354466367047e-04, 1.1119e+00, 2.3081e-03, 
 2DIAGNOSTIC,    40, -6.905394792557e-02, 1.621746778255e-04, 1.1148e+00, 2.8770e-03, 
 2DIAGNOSTIC,    41, -6.928425282240e-02, 2.097979886457e-04, 1.1170e+00, 2.2368e-03, 
 2DIAGNOSTIC,    42, -6.959478557110e-02, 2.623810432851e-04, 1.1200e+00, 2.9500e-03, 
 2DIAGNOSTIC,    43, -6.953927129507e-02, 2.848958538380e-04, 1.1222e+00, 2.2690e-03, 
 2DIAGNOSTIC,    44, -7.004442065954e-02, 3.401168796699e-04, 1.1255e+00, 3.2229e-03, 
 2DIAGNOSTIC,    45, -7.009959965944e-02, 3.637904883362e-04, 1.1286e+00, 3.1490e-03, 
 2DIAGNOSTIC,    46, -7.010416686535e-02, 3.725283895619e-04, 1.1311e+00, 2.5468e-03, 
 2DIAGNOSTIC,    47, -7.009585946798e-02, 3.330387698952e-04, 1.1338e+00, 2.6069e-03, 
 2DIAGNOSTIC,    48, -6.995593011379e-02, 2.575234975666e-04, 1.1361e+00, 2.3451e-03, 
 2DIAGNOSTIC,    49, -6.998004019260e-02, 1.829312677728e-04, 1.1387e+00, 2.5871e-03, 
 2DIAGNOSTIC,    50, -6.993803381920e-02, 1.098706488847e-04, 1.1412e+00, 2.5299e-03, 
 2DIAGNOSTIC,    51, -6.990094482899e-02, 4.490283754421e-05, 1.1438e+00, 2.6021e-03, 
DIAGNOSTIC,Iteration,metricValue,convergenceValue,ITERATION_TIME_INDEX,SINCE_LAST
 2DIAGNOSTIC,     1, -2.944267727435e-02, inf, 1.7894e+00, 6.4553e-01, 
 2DIAGNOSTIC,     2, -2.940103784204e-02, inf, 1.8187e+00, 2.9391e-02, 
 2DIAGNOSTIC,     3, -2.940303832293e-02, inf, 1.8377e+00, 1.8926e-02, 
 2DIAGNOSTIC,     4, -2.940916270018e-02, inf, 1.8535e+00, 1.5841e-02, 
 2DIAGNOSTIC,     5, -2.939007245004e-02, inf, 1.8699e+00, 1.6371e-02, 
 2DIAGNOSTIC,     6, -2.938946522772e-02, inf, 1.8884e+00, 1.8564e-02, 
 2DIAGNOSTIC,     7, -2.938136272132e-02, inf, 1.9056e+00, 1.7119e-02, 
 2DIAGNOSTIC,     8, -2.937555126846e-02, inf, 1.9199e+00, 1.4359e-02, 
 2DIAGNOSTIC,     9, -2.937055937946e-02, inf, 1.9338e+00, 1.3921e-02, 
DIAGNOSTIC,Iteration,metricValue,convergenceValue,ITERATION_TIME_INDEX,SINCE_LAST
 2DIAGNOSTIC,     1, -1.713355630636e-02, inf, 3.3182e+00, 1.3844e+00, 
 2DIAGNOSTIC,     2, -1.713150925934e-02, inf, 3.4533e+00, 1.3505e-01, 
 2DIAGNOSTIC,     3, -1.713127642870e-02, inf, 3.5621e+00, 1.0883e-01, 
 2DIAGNOSTIC,     4, -1.712991483510e-02, inf, 3.6757e+00, 1.1363e-01, 
 2DIAGNOSTIC,     5, -1.712959446013e-02, inf, 3.7737e+00, 9.7963e-02, 
 2DIAGNOSTIC,     6, -1.712844334543e-02, inf, 3.8810e+00, 1.0730e-01, 
 2DIAGNOSTIC,     7, -1.712706126273e-02, inf, 3.9888e+00, 1.0787e-01, 
 2DIAGNOSTIC,     8, -1.712670363486e-02, inf, 4.0971e+00, 1.0824e-01, 
 2DIAGNOSTIC,     9, -1.712623611093e-02, inf, 4.2030e+00, 1.0597e-01, 
  Elapsed time (stage 0): 4.4689e+00


Total elapsed time: 4.4704e+00
Transforming MT-off to MNI
Transforming MT-on to MNI
