Loading spm/spm12
  Loading requirement: matlab/r2019a
Non-commercial use only - see $FSLDIR/LICENSE
N4 bias corrrection
Centring images
MATLAB is selecting SOFTWARE OPENGL rendering.

Written new image at:
	/home/tom29/rds/hpc-work/cbbu_BIDS/sub-01/anat/sub-01_acq-LC_mt-on_MTS_N4_centred.nii

MATLAB is selecting SOFTWARE OPENGL rendering.

Written new image at:
	/home/tom29/rds/hpc-work/cbbu_BIDS/sub-01/anat/sub-01_acq-LC_mt-off_MTS_N4_centred.nii

Registering MT-on to MT-off
All_Command_lines_OK
Using single precision for computations.
  number of levels = 4
  fixed image: /home/tom29/rds/hpc-work/cbbu_BIDS/sub-01/anat/sub-01_acq-LC_mt-off_MTS_N4_centred.nii.gz
  moving image: /home/tom29/rds/hpc-work/cbbu_BIDS/sub-01/anat/sub-01_acq-LC_mt-on_MTS_N4_centred.nii.gz
Dimension = 3
Number of stages = 1
Use histogram matching = false
Winsorize image intensities = true
  Lower quantile = 0.005
  Upper quantile = 0.995


Stage 1 State
   Image metric = MattesMI
     Fixed image = Image (0x37ae3c0)
  RTTI typeinfo:   itk::Image<float, 3u>
  Reference Count: 2
  Modified Time: 1076
  Debug: Off
  Object Name: 
  Observers: 
    none
  Source: (none)
  Source output name: (none)
  Release Data: Off
  Data Released: False
  Global Release Data: Off
  PipelineMTime: 0
  UpdateMTime: 685
  RealTimeStamp: 0 seconds 
  LargestPossibleRegion: 
    Dimension: 3
    Index: [0, 0, 0]
    Size: [448, 448, 112]
  BufferedRegion: 
    Dimension: 3
    Index: [0, 0, 0]
    Size: [448, 448, 112]
  RequestedRegion: 
    Dimension: 3
    Index: [0, 0, 0]
    Size: [448, 448, 112]
  Spacing: [0.428571, 0.428571, 0.5]
  Origin: [94.0197, 119.25, -20.0434]
  Direction: 
-0.999885 0.0119649 -0.00935782
-0.00819914 -0.943741 -0.330584
-0.0127868 -0.330469 0.94373

  IndexToPointMatrix: 
-0.428522 0.0051278 -0.00467891
-0.00351392 -0.40446 -0.165292
-0.00548004 -0.14163 0.471865

  PointToIndexMatrix: 
-2.33306 -0.0191313 -0.0298358
0.027918 -2.20206 -0.771095
-0.0187156 -0.661168 1.88746

  Inverse Direction: 
-0.999885 -0.00819914 -0.0127868
0.0119649 -0.943741 -0.330469
-0.00935782 -0.330584 0.94373

  PixelContainer: 
    ImportImageContainer (0x379a890)
      RTTI typeinfo:   itk::ImportImageContainer<unsigned long, float>
      Reference Count: 1
      Modified Time: 682
      Debug: Off
      Object Name: 
      Observers: 
        none
      Pointer: 0x147d8f10f010
      Container manages memory: true
      Size: 22478848
      Capacity: 22478848

     Moving image = Image (0x37b1b60)
  RTTI typeinfo:   itk::Image<float, 3u>
  Reference Count: 2
  Modified Time: 1077
  Debug: Off
  Object Name: 
  Observers: 
    none
  Source: (none)
  Source output name: (none)
  Release Data: Off
  Data Released: False
  Global Release Data: Off
  PipelineMTime: 0
  UpdateMTime: 1074
  RealTimeStamp: 0 seconds 
  LargestPossibleRegion: 
    Dimension: 3
    Index: [0, 0, 0]
    Size: [448, 448, 112]
  BufferedRegion: 
    Dimension: 3
    Index: [0, 0, 0]
    Size: [448, 448, 112]
  RequestedRegion: 
    Dimension: 3
    Index: [0, 0, 0]
    Size: [448, 448, 112]
  Spacing: [0.428571, 0.428571, 0.5]
  Origin: [94.0197, 119.25, -20.0434]
  Direction: 
-0.999885 0.0119649 -0.00935782
-0.00819914 -0.943741 -0.330584
-0.0127868 -0.330469 0.94373

  IndexToPointMatrix: 
-0.428522 0.0051278 -0.00467891
-0.00351392 -0.40446 -0.165292
-0.00548004 -0.14163 0.471865

  PointToIndexMatrix: 
-2.33306 -0.0191313 -0.0298358
0.027918 -2.20206 -0.771095
-0.0187156 -0.661168 1.88746

  Inverse Direction: 
-0.999885 -0.00819914 -0.0127868
0.0119649 -0.943741 -0.330469
-0.00935782 -0.330584 0.94373

  PixelContainer: 
    ImportImageContainer (0x37b1b00)
      RTTI typeinfo:   itk::ImportImageContainer<unsigned long, float>
      Reference Count: 1
      Modified Time: 1071
      Debug: Off
      Object Name: 
      Observers: 
        none
      Pointer: 0x147d89b4e010
      Container manages memory: true
      Size: 22478848
      Capacity: 22478848

     Weighting = 1
     Sampling strategy = regular
     Number of bins = 32
     Radius = 4
     Sampling percentage  = 0.25
   Transform = Rigid
     Gradient step = 0.1
     Update field sigma (voxel space) = 0
     Total field sigma (voxel space) = 0
     Update field time sigma = 0
     Total field time sigma  = 0
     Number of time indices = 0
     Number of time point samples = 0
Registration using 1 total stages.

Stage 0
  iterations = 1000x500x250x100
  convergence threshold = 1e-06
  convergence window size = 10
  number of levels = 4
  using the Mattes MI metric (number of bins = 32, weight = 1, use gradient filter = 0)
  preprocessing:  winsorizing the image intensities
  Shrink factors (level 1 out of 4): [8, 8, 7]
  Shrink factors (level 2 out of 4): [4, 4, 3]
  Shrink factors (level 3 out of 4): [2, 2, 2]
  Shrink factors (level 4 out of 4): [1, 1, 1]
  smoothing sigmas per level: [3, 2, 1, 0]
  regular sampling (percentage = 0.25)

*** Running Euler3DTransform registration ***

DIAGNOSTIC,Iteration,metricValue,convergenceValue,ITERATION_TIME_INDEX,SINCE_LAST
 2DIAGNOSTIC,     1, -1.449699759483e+00, inf, 5.9478e-01, 5.9478e-01, 
 2DIAGNOSTIC,     2, -1.455582380295e+00, inf, 5.9815e-01, 3.3710e-03, 
 2DIAGNOSTIC,     3, -1.457994341850e+00, inf, 6.0216e-01, 4.0090e-03, 
 2DIAGNOSTIC,     4, -1.459462404251e+00, inf, 6.0839e-01, 6.2270e-03, 
 2DIAGNOSTIC,     5, -1.459464192390e+00, inf, 6.1161e-01, 3.2232e-03, 
 2DIAGNOSTIC,     6, -1.459553837776e+00, inf, 6.1458e-01, 2.9631e-03, 
 2DIAGNOSTIC,     7, -1.459692716599e+00, inf, 6.1744e-01, 2.8670e-03, 
 2DIAGNOSTIC,     8, -1.459862947464e+00, inf, 6.2079e-01, 3.3450e-03, 
 2DIAGNOSTIC,     9, -1.459977746010e+00, inf, 6.2389e-01, 3.1002e-03, 
 2DIAGNOSTIC,    10, -1.460056900978e+00, 3.078568552155e-04, 6.2832e-01, 4.4260e-03, 
 2DIAGNOSTIC,    11, -1.460341095924e+00, 1.292405358981e-04, 6.3154e-01, 3.2201e-03, 
 2DIAGNOSTIC,    12, -1.460632801056e+00, 6.839017441962e-05, 6.3471e-01, 3.1719e-03, 
 2DIAGNOSTIC,    13, -1.460916519165e+00, 5.065965524409e-05, 6.3769e-01, 2.9809e-03, 
 2DIAGNOSTIC,    14, -1.461299896240e+00, 5.685584255843e-05, 6.4072e-01, 3.0272e-03, 
 2DIAGNOSTIC,    15, -1.461527585983e+00, 6.017283158144e-05, 6.4378e-01, 3.0599e-03, 
 2DIAGNOSTIC,    16, -1.461783289909e+00, 6.191221473273e-05, 6.4696e-01, 3.1891e-03, 
 2DIAGNOSTIC,    17, -1.462061166763e+00, 6.261725502554e-05, 6.5166e-01, 4.6930e-03, 
 2DIAGNOSTIC,    18, -1.462095737457e+00, 5.978143235552e-05, 6.5493e-01, 3.2752e-03, 
 2DIAGNOSTIC,    19, -1.462158441544e+00, 5.372970917961e-05, 6.5803e-01, 3.0942e-03, 
 2DIAGNOSTIC,    20, -1.462218642235e+00, 4.477383117774e-05, 6.6176e-01, 3.7320e-03, 
 2DIAGNOSTIC,    21, -1.462325096130e+00, 3.622192161856e-05, 6.6595e-01, 4.1950e-03, 
 2DIAGNOSTIC,    22, -1.462329506874e+00, 2.776778455882e-05, 6.6897e-01, 3.0138e-03, 
 2DIAGNOSTIC,    23, -1.462339162827e+00, 2.003808003792e-05, 6.7360e-01, 4.6320e-03, 
 2DIAGNOSTIC,    24, -1.462343573570e+00, 1.435946978745e-05, 6.7705e-01, 3.4521e-03, 
 2DIAGNOSTIC,    25, -1.462307095528e+00, 9.361676347908e-06, 6.8011e-01, 3.0611e-03, 
 2DIAGNOSTIC,    26, -1.462315678596e+00, 5.911665084568e-06, 6.8325e-01, 3.1369e-03, 
 2DIAGNOSTIC,    27, -1.462324023247e+00, 4.336327947385e-06, 6.8665e-01, 3.4008e-03, 
 2DIAGNOSTIC,    28, -1.462328195572e+00, 2.843354423021e-06, 6.9049e-01, 3.8400e-03, 
 2DIAGNOSTIC,    29, -1.462328791618e+00, 1.715600433272e-06, 6.9394e-01, 3.4502e-03, 
DIAGNOSTIC,Iteration,metricValue,convergenceValue,ITERATION_TIME_INDEX,SINCE_LAST
 2DIAGNOSTIC,     1, -1.366189002991e+00, inf, 1.3322e+00, 6.3830e-01, 
 2DIAGNOSTIC,     2, -1.366486072540e+00, inf, 1.3744e+00, 4.2110e-02, 
 2DIAGNOSTIC,     3, -1.366544485092e+00, inf, 1.4179e+00, 4.3590e-02, 
 2DIAGNOSTIC,     4, -1.366606235504e+00, inf, 1.4585e+00, 4.0591e-02, 
 2DIAGNOSTIC,     5, -1.366696953773e+00, inf, 1.5144e+00, 5.5834e-02, 
 2DIAGNOSTIC,     6, -1.366767883301e+00, inf, 1.5575e+00, 4.3096e-02, 
 2DIAGNOSTIC,     7, -1.366771340370e+00, inf, 1.6054e+00, 4.7951e-02, 
 2DIAGNOSTIC,     8, -1.366772294044e+00, inf, 1.6506e+00, 4.5227e-02, 
 2DIAGNOSTIC,     9, -1.366772532463e+00, inf, 1.7052e+00, 5.4531e-02, 
 2DIAGNOSTIC,    10, -1.366772651672e+00, 2.569617936388e-05, 1.7609e+00, 5.5712e-02, 
 2DIAGNOSTIC,    11, -1.366772770882e+00, 1.496373806731e-05, 1.8036e+00, 4.2734e-02, 
 2DIAGNOSTIC,    12, -1.366772413254e+00, 1.008366598398e-05, 1.8498e+00, 4.6189e-02, 
 2DIAGNOSTIC,    13, -1.366772413254e+00, 6.225163360796e-06, 1.8938e+00, 4.3961e-02, 
 2DIAGNOSTIC,    14, -1.366772294044e+00, 3.464976771284e-06, 1.9375e+00, 4.3763e-02, 
 2DIAGNOSTIC,    15, -1.366772294044e+00, 2.194161879743e-06, 1.9827e+00, 4.5167e-02, 
 2DIAGNOSTIC,    16, -1.366772294044e+00, 1.996246737690e-06, 2.0309e+00, 4.8235e-02, 
 2DIAGNOSTIC,    17, -1.366772413254e+00, 1.864396267592e-06, 2.0762e+00, 4.5259e-02, 
 2DIAGNOSTIC,    18, -1.366772651672e+00, 1.761546172929e-06, 2.1286e+00, 5.2432e-02, 
 2DIAGNOSTIC,    19, -1.366772651672e+00, 1.672544499343e-06, 2.1833e+00, 5.4680e-02, 
 2DIAGNOSTIC,    20, -1.366772413254e+00, 1.591340947016e-06, 2.2285e+00, 4.5187e-02, 
 2DIAGNOSTIC,    21, -1.366772532463e+00, 1.520344653727e-06, 2.2720e+00, 4.3516e-02, 
 2DIAGNOSTIC,    22, -1.366772413254e+00, 1.450680429116e-06, 2.3233e+00, 5.1280e-02, 
 2DIAGNOSTIC,    23, -1.366772532463e+00, 1.387710312883e-06, 2.3682e+00, 4.4865e-02, 
 2DIAGNOSTIC,    24, -1.366772294044e+00, 1.326448909822e-06, 2.4117e+00, 4.3569e-02, 
 2DIAGNOSTIC,    25, -1.366772413254e+00, 1.271114456358e-06, 2.4561e+00, 4.4336e-02, 
 2DIAGNOSTIC,    26, -1.366772532463e+00, 1.221071102009e-06, 2.4996e+00, 4.3526e-02, 
 2DIAGNOSTIC,    27, -1.366772651672e+00, 1.176681053039e-06, 2.5450e+00, 4.5434e-02, 
 2DIAGNOSTIC,    28, -1.366772413254e+00, 1.135592015089e-06, 2.5879e+00, 4.2882e-02, 
 2DIAGNOSTIC,    29, -1.366772413254e+00, 1.097526478588e-06, 2.6331e+00, 4.5239e-02, 
 2DIAGNOSTIC,    30, -1.366772890091e+00, 1.063557533598e-06, 2.6832e+00, 5.0074e-02, 
 2DIAGNOSTIC,    31, -1.366773128510e+00, 1.033746343637e-06, 2.7377e+00, 5.4442e-02, 
 2DIAGNOSTIC,    32, -1.366772770882e+00, 1.001935515887e-06, 2.7825e+00, 4.4839e-02, 
DIAGNOSTIC,Iteration,metricValue,convergenceValue,ITERATION_TIME_INDEX,SINCE_LAST
 2DIAGNOSTIC,     1, -1.264265179634e+00, inf, 3.7503e+00, 9.6780e-01, 
 2DIAGNOSTIC,     2, -1.264702200890e+00, inf, 3.9416e+00, 1.9132e-01, 
 2DIAGNOSTIC,     3, -1.265063166618e+00, inf, 4.1527e+00, 2.1106e-01, 
 2DIAGNOSTIC,     4, -1.265228867531e+00, inf, 4.3077e+00, 1.5506e-01, 
 2DIAGNOSTIC,     5, -1.265511989594e+00, inf, 4.5569e+00, 2.4917e-01, 
 2DIAGNOSTIC,     6, -1.265596866608e+00, inf, 4.7326e+00, 1.7573e-01, 
 2DIAGNOSTIC,     7, -1.265613913536e+00, inf, 4.8888e+00, 1.5614e-01, 
 2DIAGNOSTIC,     8, -1.265633940697e+00, inf, 5.0488e+00, 1.6003e-01, 
 2DIAGNOSTIC,     9, -1.265654444695e+00, inf, 5.2200e+00, 1.7115e-01, 
 2DIAGNOSTIC,    10, -1.265675067902e+00, 6.688969006063e-05, 5.4294e+00, 2.0947e-01, 
 2DIAGNOSTIC,    11, -1.265671730042e+00, 4.092661765753e-05, 5.6973e+00, 2.6793e-01, 
 2DIAGNOSTIC,    12, -1.265671491623e+00, 2.398702054052e-05, 5.8951e+00, 1.9780e-01, 
 2DIAGNOSTIC,    13, -1.265671968460e+00, 1.397022970195e-05, 6.0879e+00, 1.9279e-01, 
 2DIAGNOSTIC,    14, -1.265673160553e+00, 6.897058938193e-06, 6.2731e+00, 1.8521e-01, 
 2DIAGNOSTIC,    15, -1.265673875809e+00, 4.559797162074e-06, 6.4536e+00, 1.8043e-01, 
 2DIAGNOSTIC,    16, -1.265674829483e+00, 3.496895942590e-06, 6.6499e+00, 1.9629e-01, 
 2DIAGNOSTIC,    17, -1.265674710274e+00, 2.644164624144e-06, 6.8874e+00, 2.3754e-01, 
 2DIAGNOSTIC,    18, -1.265673995018e+00, 2.051050387308e-06, 7.0706e+00, 1.8323e-01, 
 2DIAGNOSTIC,    19, -1.265673398972e+00, 1.722030106066e-06, 7.2537e+00, 1.8309e-01, 
 2DIAGNOSTIC,    20, -1.265673518181e+00, 1.655397568356e-06, 7.4424e+00, 1.8870e-01, 
 2DIAGNOSTIC,    21, -1.265673995018e+00, 1.558399162604e-06, 7.6220e+00, 1.7960e-01, 
 2DIAGNOSTIC,    22, -1.265673518181e+00, 1.458778228880e-06, 7.8412e+00, 2.1920e-01, 
 2DIAGNOSTIC,    23, -1.265673398972e+00, 1.370381710331e-06, 8.0415e+00, 2.0025e-01, 
 2DIAGNOSTIC,    24, -1.265673279762e+00, 1.300658936998e-06, 8.2269e+00, 1.8542e-01, 
 2DIAGNOSTIC,    25, -1.265673398972e+00, 1.245921225745e-06, 8.4094e+00, 1.8254e-01, 
 2DIAGNOSTIC,    26, -1.265673160553e+00, 1.203831970997e-06, 8.6040e+00, 1.9454e-01, 
 2DIAGNOSTIC,    27, -1.265673637390e+00, 1.169932261291e-06, 8.8021e+00, 1.9816e-01, 
 2DIAGNOSTIC,    28, -1.265673756599e+00, 1.134588842433e-06, 8.9818e+00, 1.7964e-01, 
 2DIAGNOSTIC,    29, -1.265673995018e+00, 1.099026235352e-06, 9.2022e+00, 2.2041e-01, 
 2DIAGNOSTIC,    30, -1.265673995018e+00, 1.066389131665e-06, 9.3889e+00, 1.8676e-01, 
 2DIAGNOSTIC,    31, -1.265673875809e+00, 1.038007553689e-06, 9.5509e+00, 1.6195e-01, 
 2DIAGNOSTIC,    32, -1.265673518181e+00, 1.004452997222e-06, 9.7624e+00, 2.1147e-01, 
DIAGNOSTIC,Iteration,metricValue,convergenceValue,ITERATION_TIME_INDEX,SINCE_LAST
 2DIAGNOSTIC,     1, -1.121629118919e+00, inf, 1.2487e+01, 2.7243e+00, 
 2DIAGNOSTIC,     2, -1.121983170509e+00, inf, 1.3554e+01, 1.0672e+00, 
 2DIAGNOSTIC,     3, -1.122128248215e+00, inf, 1.4662e+01, 1.1079e+00, 
 2DIAGNOSTIC,     4, -1.122274875641e+00, inf, 1.5741e+01, 1.0789e+00, 
 2DIAGNOSTIC,     5, -1.122407555580e+00, inf, 1.6829e+01, 1.0885e+00, 
 2DIAGNOSTIC,     6, -1.122499346733e+00, inf, 1.8053e+01, 1.2237e+00, 
 2DIAGNOSTIC,     7, -1.122578620911e+00, inf, 1.9127e+01, 1.0746e+00, 
 2DIAGNOSTIC,     8, -1.122607588768e+00, inf, 2.0194e+01, 1.0666e+00, 
 2DIAGNOSTIC,     9, -1.122620820999e+00, inf, 2.1413e+01, 1.2194e+00, 
 2DIAGNOSTIC,    10, -1.122621059418e+00, 5.490403782460e-05, 2.2532e+01, 1.1185e+00, 
 2DIAGNOSTIC,    11, -1.122620582581e+00, 3.551932240953e-05, 2.3652e+01, 1.1203e+00, 
 2DIAGNOSTIC,    12, -1.122620940208e+00, 2.388160100963e-05, 2.4736e+01, 1.0837e+00, 
 2DIAGNOSTIC,    13, -1.122621059418e+00, 1.490784234193e-05, 2.5831e+01, 1.0949e+00, 
 2DIAGNOSTIC,    14, -1.122621417046e+00, 8.711435839359e-06, 2.6903e+01, 1.0720e+00, 
 2DIAGNOSTIC,    15, -1.122621417046e+00, 4.972000624548e-06, 2.8109e+01, 1.2067e+00, 
 2DIAGNOSTIC,    16, -1.122621417046e+00, 2.864421958293e-06, 2.9087e+01, 9.7774e-01, 
 2DIAGNOSTIC,    17, -1.122621774673e+00, 2.100332494592e-06, 3.0179e+01, 1.0922e+00, 
 2DIAGNOSTIC,    18, -1.122622489929e+00, 1.811938886931e-06, 3.1276e+01, 1.0962e+00, 
 2DIAGNOSTIC,    19, -1.122622847557e+00, 1.730497388053e-06, 3.2367e+01, 1.0912e+00, 
 2DIAGNOSTIC,    20, -1.122623443604e+00, 1.662843942540e-06, 3.3450e+01, 1.0832e+00, 
 2DIAGNOSTIC,    21, -1.122622847557e+00, 1.581913124937e-06, 3.4530e+01, 1.0802e+00, 
 2DIAGNOSTIC,    22, -1.122623205185e+00, 1.510575089014e-06, 3.5596e+01, 1.0656e+00, 
 2DIAGNOSTIC,    23, -1.122622966766e+00, 1.437734113097e-06, 3.6539e+01, 9.4323e-01, 
 2DIAGNOSTIC,    24, -1.122623682022e+00, 1.377130502078e-06, 3.7605e+01, 1.0655e+00, 
 2DIAGNOSTIC,    25, -1.122624158859e+00, 1.321253648712e-06, 3.8562e+01, 9.5784e-01, 
 2DIAGNOSTIC,    26, -1.122624397278e+00, 1.267431457563e-06, 3.9673e+01, 1.1110e+00, 
 2DIAGNOSTIC,    27, -1.122625589371e+00, 1.228009296028e-06, 4.0900e+01, 1.2263e+00, 
 2DIAGNOSTIC,    28, -1.122624874115e+00, 1.186383315144e-06, 4.2015e+01, 1.1155e+00, 
 2DIAGNOSTIC,    29, -1.122624754906e+00, 1.145031660599e-06, 4.3117e+01, 1.1020e+00, 
 2DIAGNOSTIC,    30, -1.122625231743e+00, 1.111119104280e-06, 4.4075e+01, 9.5732e-01, 
 2DIAGNOSTIC,    31, -1.122625946999e+00, 1.075254658645e-06, 4.5148e+01, 1.0732e+00, 
 2DIAGNOSTIC,    32, -1.122625946999e+00, 1.039721723828e-06, 4.6359e+01, 1.2116e+00, 
  Elapsed time (stage 0): 4.7195e+01


Total elapsed time: 4.7197e+01
Registering MT-off to MP2RAGE
All_Command_lines_OK
Using single precision for computations.
  Reading mask(s).
    Registration stage 0
      Fixed mask = /home/tom29/rds/hpc-work/cbbu_BIDS/sub-01/anat/sub-01_mask_centred.nii.gz
 file NULL does not exist . 
      No moving mask
  number of levels = 4
  fixed image: /home/tom29/rds/hpc-work/cbbu_BIDS/sub-01/anat/sub-01_acq-whole_UNI_MP2RAGE_brain_N4_centred.nii.gz
  moving image: /home/tom29/rds/hpc-work/cbbu_BIDS/sub-01/anat/sub-01_acq-LC_mt-off_MTS_N4_centred.nii.gz
Dimension = 3
Number of stages = 1
Use histogram matching = false
Winsorize image intensities = true
  Lower quantile = 0.005
  Upper quantile = 0.995


Stage 1 State
   Image metric = MattesMI
     Fixed image = Image (0x454f9e0)
  RTTI typeinfo:   itk::Image<float, 3u>
  Reference Count: 2
  Modified Time: 1519
  Debug: Off
  Object Name: 
  Observers: 
    none
  Source: (none)
  Source output name: (none)
  Release Data: Off
  Data Released: False
  Global Release Data: Off
  PipelineMTime: 0
  UpdateMTime: 1128
  RealTimeStamp: 0 seconds 
  LargestPossibleRegion: 
    Dimension: 3
    Index: [0, 0, 0]
    Size: [224, 300, 320]
  BufferedRegion: 
    Dimension: 3
    Index: [0, 0, 0]
    Size: [224, 300, 320]
  RequestedRegion: 
    Dimension: 3
    Index: [0, 0, 0]
    Size: [224, 300, 320]
  Spacing: [0.75, 0.75, 0.75]
  Origin: [82.1745, 158.8, -68.2641]
  Direction: 
-0.999815 0.0172397 -0.00851058
-0.012758 -0.926073 -0.377128
-0.014383 -0.37695 0.926122

  IndexToPointMatrix: 
-0.749861 0.0129298 -0.00638294
-0.00956852 -0.694555 -0.282846
-0.0107873 -0.282712 0.694591

  PointToIndexMatrix: 
-1.33309 -0.0170107 -0.0191773
0.0229863 -1.23476 -0.5026
-0.0113474 -0.502838 1.23483

  Inverse Direction: 
-0.999815 -0.012758 -0.014383
0.0172397 -0.926073 -0.37695
-0.00851058 -0.377128 0.926122

  PixelContainer: 
    ImportImageContainer (0x453eb40)
      RTTI typeinfo:   itk::ImportImageContainer<unsigned long, float>
      Reference Count: 1
      Modified Time: 1125
      Debug: Off
      Object Name: 
      Observers: 
        none
      Pointer: 0x14962e110010
      Container manages memory: true
      Size: 21504000
      Capacity: 21504000

     Moving image = Image (0x455aa40)
  RTTI typeinfo:   itk::Image<float, 3u>
  Reference Count: 2
  Modified Time: 1520
  Debug: Off
  Object Name: 
  Observers: 
    none
  Source: (none)
  Source output name: (none)
  Release Data: Off
  Data Released: False
  Global Release Data: Off
  PipelineMTime: 0
  UpdateMTime: 1517
  RealTimeStamp: 0 seconds 
  LargestPossibleRegion: 
    Dimension: 3
    Index: [0, 0, 0]
    Size: [448, 448, 112]
  BufferedRegion: 
    Dimension: 3
    Index: [0, 0, 0]
    Size: [448, 448, 112]
  RequestedRegion: 
    Dimension: 3
    Index: [0, 0, 0]
    Size: [448, 448, 112]
  Spacing: [0.428571, 0.428571, 0.5]
  Origin: [94.0197, 119.25, -20.0434]
  Direction: 
-0.999885 0.0119649 -0.00935782
-0.00819914 -0.943741 -0.330584
-0.0127868 -0.330469 0.94373

  IndexToPointMatrix: 
-0.428522 0.0051278 -0.00467891
-0.00351392 -0.40446 -0.165292
-0.00548004 -0.14163 0.471865

  PointToIndexMatrix: 
-2.33306 -0.0191313 -0.0298358
0.027918 -2.20206 -0.771095
-0.0187156 -0.661168 1.88746

  Inverse Direction: 
-0.999885 -0.00819914 -0.0127868
0.0119649 -0.943741 -0.330469
-0.00935782 -0.330584 0.94373

  PixelContainer: 
    ImportImageContainer (0x4552cc0)
      RTTI typeinfo:   itk::ImportImageContainer<unsigned long, float>
      Reference Count: 1
      Modified Time: 1514
      Debug: Off
      Object Name: 
      Observers: 
        none
      Pointer: 0x149628b4f010
      Container manages memory: true
      Size: 22478848
      Capacity: 22478848

     Weighting = 1
     Sampling strategy = regular
     Number of bins = 32
     Radius = 4
     Sampling percentage  = 0.25
   Transform = Rigid
     Gradient step = 0.1
     Update field sigma (voxel space) = 0
     Total field sigma (voxel space) = 0
     Update field time sigma = 0
     Total field time sigma  = 0
     Number of time indices = 0
     Number of time point samples = 0
Registration using 1 total stages.

Stage 0
  iterations = 1000x500x250x100
  convergence threshold = 1e-06
  convergence window size = 10
  number of levels = 4
  using the Mattes MI metric (number of bins = 32, weight = 1, use gradient filter = 0)
  preprocessing:  winsorizing the image intensities
  Shrink factors (level 1 out of 4): [8, 8, 8]
  Shrink factors (level 2 out of 4): [4, 4, 4]
  Shrink factors (level 3 out of 4): [2, 2, 2]
  Shrink factors (level 4 out of 4): [1, 1, 1]
  smoothing sigmas per level: [3, 2, 1, 0]
  regular sampling (percentage = 0.25)

*** Running Euler3DTransform registration ***

DIAGNOSTIC,Iteration,metricValue,convergenceValue,ITERATION_TIME_INDEX,SINCE_LAST
 2DIAGNOSTIC,     1, -1.851563602686e-01, inf, 4.8134e-01, 4.8134e-01, 
 2DIAGNOSTIC,     2, -1.876988708973e-01, inf, 4.8198e-01, 6.3992e-04, 
 2DIAGNOSTIC,     3, -1.879830509424e-01, inf, 4.8258e-01, 6.0296e-04, 
 2DIAGNOSTIC,     4, -1.880425065756e-01, inf, 4.8317e-01, 5.8389e-04, 
 2DIAGNOSTIC,     5, -1.881077736616e-01, inf, 4.8376e-01, 5.9581e-04, 
 2DIAGNOSTIC,     6, -1.881245672703e-01, inf, 4.8429e-01, 5.2500e-04, 
 2DIAGNOSTIC,     7, -1.881650239229e-01, inf, 4.8488e-01, 5.9390e-04, 
 2DIAGNOSTIC,     8, -1.882070899010e-01, inf, 4.8538e-01, 5.0092e-04, 
 2DIAGNOSTIC,     9, -1.882386505604e-01, inf, 4.8606e-01, 6.7401e-04, 
 2DIAGNOSTIC,    10, -1.874150484800e-01, 4.494613385759e-04, 4.8691e-01, 8.4710e-04, 
DIAGNOSTIC,Iteration,metricValue,convergenceValue,ITERATION_TIME_INDEX,SINCE_LAST
 2DIAGNOSTIC,     1, -4.287855699658e-02, inf, 1.0188e+00, 5.3190e-01, 
 2DIAGNOSTIC,     2, -4.352728277445e-02, inf, 1.0214e+00, 2.5580e-03, 
 2DIAGNOSTIC,     3, -4.481517896056e-02, inf, 1.0242e+00, 2.8331e-03, 
 2DIAGNOSTIC,     4, -4.535960406065e-02, inf, 1.0270e+00, 2.7859e-03, 
 2DIAGNOSTIC,     5, -4.530861973763e-02, inf, 1.0297e+00, 2.7659e-03, 
 2DIAGNOSTIC,     6, -4.532993957400e-02, inf, 1.0321e+00, 2.3539e-03, 
 2DIAGNOSTIC,     7, -4.532054811716e-02, inf, 1.0347e+00, 2.5699e-03, 
 2DIAGNOSTIC,     8, -4.527554661036e-02, inf, 1.0369e+00, 2.2171e-03, 
 2DIAGNOSTIC,     9, -4.528009891510e-02, inf, 1.0395e+00, 2.5849e-03, 
 2DIAGNOSTIC,    10, -4.536455869675e-02, 2.744621131569e-03, 1.0422e+00, 2.7530e-03, 
 2DIAGNOSTIC,    11, -4.538730904460e-02, 1.307633006945e-03, 1.0447e+00, 2.5170e-03, 
 2DIAGNOSTIC,    12, -4.597235843539e-02, 6.291656172834e-04, 1.0479e+00, 3.1252e-03, 
 2DIAGNOSTIC,    13, -4.905046150088e-02, 2.093276474625e-03, 1.0509e+00, 2.9860e-03, 
 2DIAGNOSTIC,    14, -4.930526390672e-02, 3.462826134637e-03, 1.0540e+00, 3.1900e-03, 
 2DIAGNOSTIC,    15, -5.328886583447e-02, 5.928101949394e-03, 1.0571e+00, 3.0611e-03, 
 2DIAGNOSTIC,    16, -5.488974228501e-02, 8.079750463367e-03, 1.0623e+00, 5.2230e-03, 
 2DIAGNOSTIC,    17, -5.527335405350e-02, 9.324465878308e-03, 1.0662e+00, 3.8829e-03, 
 2DIAGNOSTIC,    18, -5.527811124921e-02, 9.548598900437e-03, 1.0689e+00, 2.7051e-03, 
 2DIAGNOSTIC,    19, -5.527868121862e-02, 8.872155100107e-03, 1.0712e+00, 2.3148e-03, 
 2DIAGNOSTIC,    20, -5.534366145730e-02, 7.495029829443e-03, 1.0736e+00, 2.3630e-03, 
 2DIAGNOSTIC,    21, -5.544126406312e-02, 5.600785836577e-03, 1.0760e+00, 2.3620e-03, 
 2DIAGNOSTIC,    22, -5.557682737708e-02, 3.562100464478e-03, 1.0783e+00, 2.3382e-03, 
 2DIAGNOSTIC,    23, -5.574434623122e-02, 2.221000147983e-03, 1.0806e+00, 2.3460e-03, 
 2DIAGNOSTIC,    24, -5.585473775864e-02, 8.641305030324e-04, 1.0833e+00, 2.6460e-03, 
 2DIAGNOSTIC,    25, -5.586309731007e-02, 4.493800224736e-04, 1.0860e+00, 2.7001e-03, 
 2DIAGNOSTIC,    26, -5.575846135616e-02, 3.528817032930e-04, 1.0883e+00, 2.3000e-03, 
 2DIAGNOSTIC,    27, -5.567494034767e-02, 2.947159227915e-04, 1.0906e+00, 2.3129e-03, 
 2DIAGNOSTIC,    28, -5.566624552011e-02, 2.127481566276e-04, 1.0933e+00, 2.7220e-03, 
 2DIAGNOSTIC,    29, -5.568113178015e-02, 1.194099022541e-04, 1.0967e+00, 3.4001e-03, 
 2DIAGNOSTIC,    30, -5.563222616911e-02, 2.465762736392e-05, 1.0991e+00, 2.3580e-03, 
DIAGNOSTIC,Iteration,metricValue,convergenceValue,ITERATION_TIME_INDEX,SINCE_LAST
 2DIAGNOSTIC,     1, -2.670551091433e-02, inf, 1.7626e+00, 6.6347e-01, 
 2DIAGNOSTIC,     2, -2.678612805903e-02, inf, 1.7828e+00, 2.0214e-02, 
 2DIAGNOSTIC,     3, -2.682635188103e-02, inf, 1.8018e+00, 1.9028e-02, 
 2DIAGNOSTIC,     4, -2.690340951085e-02, inf, 1.8208e+00, 1.9020e-02, 
 2DIAGNOSTIC,     5, -2.684894204140e-02, inf, 1.8393e+00, 1.8450e-02, 
 2DIAGNOSTIC,     6, -2.689841948450e-02, inf, 1.8575e+00, 1.8285e-02, 
 2DIAGNOSTIC,     7, -2.692734450102e-02, inf, 1.8759e+00, 1.8381e-02, 
 2DIAGNOSTIC,     8, -2.692732214928e-02, inf, 1.8948e+00, 1.8833e-02, 
 2DIAGNOSTIC,     9, -2.693707682192e-02, inf, 1.9229e+00, 2.8114e-02, 
 2DIAGNOSTIC,    10, -2.691162191331e-02, 4.561800742522e-04, 1.9539e+00, 3.0975e-02, 
 2DIAGNOSTIC,    11, -2.690542116761e-02, 2.517265675124e-04, 1.9786e+00, 2.4788e-02, 
 2DIAGNOSTIC,    12, -2.690155990422e-02, 1.251800422324e-04, 1.9997e+00, 2.1022e-02, 
 2DIAGNOSTIC,    13, -2.690451778471e-02, 4.008351243101e-05, 2.0176e+00, 1.7941e-02, 
 2DIAGNOSTIC,    14, -2.687754854560e-02, 3.330475465191e-06, 2.0388e+00, 2.1244e-02, 
DIAGNOSTIC,Iteration,metricValue,convergenceValue,ITERATION_TIME_INDEX,SINCE_LAST
 2DIAGNOSTIC,     1, -1.626972481608e-02, inf, 3.3673e+00, 1.3284e+00, 
 2DIAGNOSTIC,     2, -1.649918593466e-02, inf, 3.4698e+00, 1.0258e-01, 
 2DIAGNOSTIC,     3, -1.683970727026e-02, inf, 3.5733e+00, 1.0348e-01, 
 2DIAGNOSTIC,     4, -1.751942746341e-02, inf, 3.6746e+00, 1.0127e-01, 
 2DIAGNOSTIC,     5, -1.848698593676e-02, inf, 3.7751e+00, 1.0049e-01, 
 2DIAGNOSTIC,     6, -1.910477131605e-02, inf, 3.8934e+00, 1.1837e-01, 
 2DIAGNOSTIC,     7, -1.929901726544e-02, inf, 4.0283e+00, 1.3488e-01, 
 2DIAGNOSTIC,     8, -1.925369352102e-02, inf, 4.1461e+00, 1.1779e-01, 
 2DIAGNOSTIC,     9, -1.920351944864e-02, inf, 4.3006e+00, 1.5450e-01, 
 2DIAGNOSTIC,    10, -1.918359473348e-02, 1.236944738775e-02, 4.4305e+00, 1.2986e-01, 
 2DIAGNOSTIC,    11, -1.916457340121e-02, 8.898322470486e-03, 4.5760e+00, 1.4556e-01, 
 2DIAGNOSTIC,    12, -1.915589533746e-02, 5.533823743463e-03, 4.7052e+00, 1.2915e-01, 
 2DIAGNOSTIC,    13, -1.915156841278e-02, 2.612851560116e-03, 4.8713e+00, 1.6617e-01, 
 2DIAGNOSTIC,    14, -1.914937980473e-02, 6.162402569316e-04, 5.0764e+00, 2.0507e-01, 
  Elapsed time (stage 0): 5.3391e+00


Total elapsed time: 5.3405e+00
Transforming MT-off to MNI
Transforming MT-on to MNI
