Loading spm/spm12
  Loading requirement: matlab/r2019a
Non-commercial use only - see $FSLDIR/LICENSE
N4 bias corrrection
Centring images
MATLAB is selecting SOFTWARE OPENGL rendering.

Written new image at:
	/home/tom29/rds/hpc-work/cbbu_BIDS/sub-40/anat/sub-40_acq-LC_mt-on_MTS_N4_centred.nii

MATLAB is selecting SOFTWARE OPENGL rendering.

Written new image at:
	/home/tom29/rds/hpc-work/cbbu_BIDS/sub-40/anat/sub-40_acq-LC_mt-off_MTS_N4_centred.nii

Registering MT-on to MT-off
All_Command_lines_OK
Using single precision for computations.
  number of levels = 4
  fixed image: /home/tom29/rds/hpc-work/cbbu_BIDS/sub-40/anat/sub-40_acq-LC_mt-off_MTS_N4_centred.nii.gz
  moving image: /home/tom29/rds/hpc-work/cbbu_BIDS/sub-40/anat/sub-40_acq-LC_mt-on_MTS_N4_centred.nii.gz
Dimension = 3
Number of stages = 1
Use histogram matching = false
Winsorize image intensities = true
  Lower quantile = 0.005
  Upper quantile = 0.995


Stage 1 State
   Image metric = MattesMI
     Fixed image = Image (0x48643c0)
  RTTI typeinfo:   itk::Image<float, 3u>
  Reference Count: 2
  Modified Time: 1076
  Debug: Off
  Object Name: 
  Observers: 
    none
  Source: (none)
  Source output name: (none)
  Release Data: Off
  Data Released: False
  Global Release Data: Off
  PipelineMTime: 0
  UpdateMTime: 685
  RealTimeStamp: 0 seconds 
  LargestPossibleRegion: 
    Dimension: 3
    Index: [0, 0, 0]
    Size: [448, 448, 112]
  BufferedRegion: 
    Dimension: 3
    Index: [0, 0, 0]
    Size: [448, 448, 112]
  RequestedRegion: 
    Dimension: 3
    Index: [0, 0, 0]
    Size: [448, 448, 112]
  Spacing: [0.428571, 0.428571, 0.5]
  Origin: [92.7258, 120.411, -15.1724]
  Direction: 
-0.999877 0.00683062 0.0141153
-0.0112657 -0.939047 -0.343605
0.0109079 -0.343722 0.939008

  IndexToPointMatrix: 
-0.428519 0.00292741 0.00705764
-0.00482817 -0.402449 -0.171802
0.00467481 -0.147309 0.469504

  PointToIndexMatrix: 
-2.33305 -0.0262867 0.0254517
0.0159381 -2.19111 -0.802017
0.0282306 -0.68721 1.87802

  Inverse Direction: 
-0.999877 -0.0112657 0.0109079
0.00683062 -0.939047 -0.343722
0.0141153 -0.343605 0.939008

  PixelContainer: 
    ImportImageContainer (0x4850890)
      RTTI typeinfo:   itk::ImportImageContainer<unsigned long, float>
      Reference Count: 1
      Modified Time: 682
      Debug: Off
      Object Name: 
      Observers: 
        none
      Pointer: 0x14d59e7b4010
      Container manages memory: true
      Size: 22478848
      Capacity: 22478848

     Moving image = Image (0x4867b60)
  RTTI typeinfo:   itk::Image<float, 3u>
  Reference Count: 2
  Modified Time: 1077
  Debug: Off
  Object Name: 
  Observers: 
    none
  Source: (none)
  Source output name: (none)
  Release Data: Off
  Data Released: False
  Global Release Data: Off
  PipelineMTime: 0
  UpdateMTime: 1074
  RealTimeStamp: 0 seconds 
  LargestPossibleRegion: 
    Dimension: 3
    Index: [0, 0, 0]
    Size: [448, 448, 112]
  BufferedRegion: 
    Dimension: 3
    Index: [0, 0, 0]
    Size: [448, 448, 112]
  RequestedRegion: 
    Dimension: 3
    Index: [0, 0, 0]
    Size: [448, 448, 112]
  Spacing: [0.428571, 0.428571, 0.5]
  Origin: [92.7258, 120.411, -15.1724]
  Direction: 
-0.999877 0.00683062 0.0141153
-0.0112657 -0.939047 -0.343605
0.0109079 -0.343722 0.939008

  IndexToPointMatrix: 
-0.428519 0.00292741 0.00705764
-0.00482817 -0.402449 -0.171802
0.00467481 -0.147309 0.469504

  PointToIndexMatrix: 
-2.33305 -0.0262867 0.0254517
0.0159381 -2.19111 -0.802017
0.0282306 -0.68721 1.87802

  Inverse Direction: 
-0.999877 -0.0112657 0.0109079
0.00683062 -0.939047 -0.343722
0.0141153 -0.343605 0.939008

  PixelContainer: 
    ImportImageContainer (0x4867b00)
      RTTI typeinfo:   itk::ImportImageContainer<unsigned long, float>
      Reference Count: 1
      Modified Time: 1071
      Debug: Off
      Object Name: 
      Observers: 
        none
      Pointer: 0x14d5991f3010
      Container manages memory: true
      Size: 22478848
      Capacity: 22478848

     Weighting = 1
     Sampling strategy = regular
     Number of bins = 32
     Radius = 4
     Sampling percentage  = 0.25
   Transform = Rigid
     Gradient step = 0.1
     Update field sigma (voxel space) = 0
     Total field sigma (voxel space) = 0
     Update field time sigma = 0
     Total field time sigma  = 0
     Number of time indices = 0
     Number of time point samples = 0
Registration using 1 total stages.

Stage 0
  iterations = 1000x500x250x100
  convergence threshold = 1e-06
  convergence window size = 10
  number of levels = 4
  using the Mattes MI metric (number of bins = 32, weight = 1, use gradient filter = 0)
  preprocessing:  winsorizing the image intensities
  Shrink factors (level 1 out of 4): [8, 8, 7]
  Shrink factors (level 2 out of 4): [4, 4, 3]
  Shrink factors (level 3 out of 4): [2, 2, 2]
  Shrink factors (level 4 out of 4): [1, 1, 1]
  smoothing sigmas per level: [3, 2, 1, 0]
  regular sampling (percentage = 0.25)

*** Running Euler3DTransform registration ***

DIAGNOSTIC,Iteration,metricValue,convergenceValue,ITERATION_TIME_INDEX,SINCE_LAST
 2DIAGNOSTIC,     1, -1.444809675217e+00, inf, 5.7272e-01, 5.7272e-01, 
 2DIAGNOSTIC,     2, -1.454782128334e+00, inf, 5.7697e-01, 4.2500e-03, 
 2DIAGNOSTIC,     3, -1.462163090706e+00, inf, 5.8053e-01, 3.5648e-03, 
 2DIAGNOSTIC,     4, -1.472003817558e+00, inf, 5.8485e-01, 4.3209e-03, 
 2DIAGNOSTIC,     5, -1.477155089378e+00, inf, 5.8853e-01, 3.6759e-03, 
 2DIAGNOSTIC,     6, -1.478723526001e+00, inf, 5.9353e-01, 4.9980e-03, 
 2DIAGNOSTIC,     7, -1.479451060295e+00, inf, 5.9700e-01, 3.4740e-03, 
 2DIAGNOSTIC,     8, -1.480049729347e+00, inf, 6.0044e-01, 3.4361e-03, 
 2DIAGNOSTIC,     9, -1.480831742287e+00, inf, 6.0517e-01, 4.7331e-03, 
 2DIAGNOSTIC,    10, -1.480962634087e+00, 1.456114696339e-03, 6.0872e-01, 3.5470e-03, 
 2DIAGNOSTIC,    11, -1.480988860130e+00, 8.857902721502e-04, 6.1224e-01, 3.5210e-03, 
 2DIAGNOSTIC,    12, -1.481053948402e+00, 4.930937429890e-04, 6.1581e-01, 3.5729e-03, 
 2DIAGNOSTIC,    13, -1.481087803841e+00, 2.237742737634e-04, 6.1959e-01, 3.7761e-03, 
 2DIAGNOSTIC,    14, -1.481298685074e+00, 1.096352280001e-04, 6.2507e-01, 5.4820e-03, 
 2DIAGNOSTIC,    15, -1.481301546097e+00, 6.675547047053e-05, 6.2926e-01, 4.1871e-03, 
 2DIAGNOSTIC,    16, -1.481302142143e+00, 4.224304575473e-05, 6.3323e-01, 3.9699e-03, 
 2DIAGNOSTIC,    17, -1.481302380562e+00, 2.513017898309e-05, 6.3760e-01, 4.3750e-03, 
 2DIAGNOSTIC,    18, -1.481302499771e+00, 1.395066647092e-05, 6.4182e-01, 4.2160e-03, 
 2DIAGNOSTIC,    19, -1.481302022934e+00, 1.068372966984e-05, 6.4581e-01, 3.9940e-03, 
 2DIAGNOSTIC,    20, -1.481301903725e+00, 8.164744031092e-06, 6.4972e-01, 3.9048e-03, 
 2DIAGNOSTIC,    21, -1.481301665306e+00, 5.530815542443e-06, 6.5317e-01, 3.4571e-03, 
 2DIAGNOSTIC,    22, -1.481302380562e+00, 3.352424073455e-06, 6.5706e-01, 3.8900e-03, 
 2DIAGNOSTIC,    23, -1.481301665306e+00, 1.412940491718e-06, 6.6113e-01, 4.0648e-03, 
 2DIAGNOSTIC,    24, -1.481302499771e+00, 1.330285840595e-06, 6.6525e-01, 4.1180e-03, 
 2DIAGNOSTIC,    25, -1.481302380562e+00, 1.275048134630e-06, 6.6879e-01, 3.5410e-03, 
 2DIAGNOSTIC,    26, -1.481302380562e+00, 1.228494170391e-06, 6.7273e-01, 3.9389e-03, 
 2DIAGNOSTIC,    27, -1.481302738190e+00, 1.189425347548e-06, 6.7685e-01, 4.1270e-03, 
 2DIAGNOSTIC,    28, -1.481303095818e+00, 1.155668769570e-06, 6.8188e-01, 5.0230e-03, 
 2DIAGNOSTIC,    29, -1.481302976608e+00, 1.118678028433e-06, 6.8581e-01, 3.9341e-03, 
 2DIAGNOSTIC,    30, -1.481302738190e+00, 1.080159904632e-06, 6.9057e-01, 4.7550e-03, 
 2DIAGNOSTIC,    31, -1.481302857399e+00, 1.041716586769e-06, 6.9454e-01, 3.9780e-03, 
 2DIAGNOSTIC,    32, -1.481302380562e+00, 1.005933313536e-06, 6.9844e-01, 3.8941e-03, 
DIAGNOSTIC,Iteration,metricValue,convergenceValue,ITERATION_TIME_INDEX,SINCE_LAST
 2DIAGNOSTIC,     1, -1.373410463333e+00, inf, 1.3650e+00, 6.6661e-01, 
 2DIAGNOSTIC,     2, -1.374263763428e+00, inf, 1.4423e+00, 7.7287e-02, 
 2DIAGNOSTIC,     3, -1.374485611916e+00, inf, 1.4938e+00, 5.1463e-02, 
 2DIAGNOSTIC,     4, -1.375820517540e+00, inf, 1.5474e+00, 5.3605e-02, 
 2DIAGNOSTIC,     5, -1.376506924629e+00, inf, 1.6038e+00, 5.6426e-02, 
 2DIAGNOSTIC,     6, -1.376598358154e+00, inf, 1.6574e+00, 5.3520e-02, 
 2DIAGNOSTIC,     7, -1.376747369766e+00, inf, 1.7228e+00, 6.5473e-02, 
 2DIAGNOSTIC,     8, -1.376811623573e+00, inf, 1.7739e+00, 5.1069e-02, 
 2DIAGNOSTIC,     9, -1.376912117004e+00, inf, 1.8508e+00, 7.6952e-02, 
 2DIAGNOSTIC,    10, -1.376994729042e+00, 1.680016430328e-04, 1.9035e+00, 5.2700e-02, 
 2DIAGNOSTIC,    11, -1.377002596855e+00, 1.130062810262e-04, 1.9614e+00, 5.7840e-02, 
 2DIAGNOSTIC,    12, -1.377032399178e+00, 7.285865285667e-05, 2.0155e+00, 5.4078e-02, 
 2DIAGNOSTIC,    13, -1.377126932144e+00, 3.710326200235e-05, 2.0739e+00, 5.8417e-02, 
 2DIAGNOSTIC,    14, -1.377204298973e+00, 2.384029357927e-05, 2.1447e+00, 7.0858e-02, 
 2DIAGNOSTIC,    15, -1.377218961716e+00, 1.999997948587e-05, 2.1931e+00, 4.8375e-02, 
 2DIAGNOSTIC,    16, -1.377206087112e+00, 1.600987889105e-05, 2.2594e+00, 6.6257e-02, 
 2DIAGNOSTIC,    17, -1.377203941345e+00, 1.300253370573e-05, 2.3143e+00, 5.4957e-02, 
 2DIAGNOSTIC,    18, -1.377199530602e+00, 9.946404134098e-06, 2.3661e+00, 5.1803e-02, 
 2DIAGNOSTIC,    19, -1.377183318138e+00, 7.330962944252e-06, 2.4152e+00, 4.9116e-02, 
 2DIAGNOSTIC,    20, -1.377185225487e+00, 5.340304142010e-06, 2.4826e+00, 6.7378e-02, 
 2DIAGNOSTIC,    21, -1.377179741859e+00, 3.227243951187e-06, 2.5374e+00, 5.4747e-02, 
 2DIAGNOSTIC,    22, -1.377179741859e+00, 1.411940615981e-06, 2.5924e+00, 5.5001e-02, 
DIAGNOSTIC,Iteration,metricValue,convergenceValue,ITERATION_TIME_INDEX,SINCE_LAST
 2DIAGNOSTIC,     1, -1.254164099693e+00, inf, 3.6207e+00, 1.0283e+00, 
 2DIAGNOSTIC,     2, -1.255064010620e+00, inf, 3.8258e+00, 2.0508e-01, 
 2DIAGNOSTIC,     3, -1.255819797516e+00, inf, 4.0392e+00, 2.1343e-01, 
 2DIAGNOSTIC,     4, -1.256838440895e+00, inf, 4.2590e+00, 2.1981e-01, 
 2DIAGNOSTIC,     5, -1.257720589638e+00, inf, 4.5212e+00, 2.6219e-01, 
 2DIAGNOSTIC,     6, -1.257841587067e+00, inf, 4.7337e+00, 2.1248e-01, 
 2DIAGNOSTIC,     7, -1.257841110229e+00, inf, 4.9482e+00, 2.1455e-01, 
 2DIAGNOSTIC,     8, -1.257848739624e+00, inf, 5.1328e+00, 1.8455e-01, 
 2DIAGNOSTIC,     9, -1.257851004601e+00, inf, 5.3465e+00, 2.1369e-01, 
 2DIAGNOSTIC,    10, -1.257854580879e+00, 1.849361142376e-04, 5.6443e+00, 2.9784e-01, 
 2DIAGNOSTIC,    11, -1.257852315903e+00, 1.125876879087e-04, 5.9049e+00, 2.6065e-01, 
 2DIAGNOSTIC,    12, -1.257851839066e+00, 5.950433114776e-05, 6.1205e+00, 2.1550e-01, 
 2DIAGNOSTIC,    13, -1.257850408554e+00, 2.228818993899e-05, 6.3457e+00, 2.2525e-01, 
 2DIAGNOSTIC,    14, -1.257850646973e+00, 4.656167675421e-06, 6.5854e+00, 2.3967e-01, 
 2DIAGNOSTIC,    15, -1.257848262787e+00, 2.365798764004e-06, 6.7930e+00, 2.0760e-01, 
 2DIAGNOSTIC,    16, -1.257847666740e+00, 2.043653921646e-06, 7.0529e+00, 2.5988e-01, 
 2DIAGNOSTIC,    17, -1.257847666740e+00, 1.746477664710e-06, 7.2577e+00, 2.0485e-01, 
 2DIAGNOSTIC,    18, -1.257846593857e+00, 1.575267901899e-06, 7.4940e+00, 2.3628e-01, 
 2DIAGNOSTIC,    19, -1.257846355438e+00, 1.462788759454e-06, 7.6922e+00, 1.9817e-01, 
 2DIAGNOSTIC,    20, -1.257846236229e+00, 1.421147203473e-06, 7.9031e+00, 2.1090e-01, 
 2DIAGNOSTIC,    21, -1.257846236229e+00, 1.374952034894e-06, 8.1184e+00, 2.1536e-01, 
 2DIAGNOSTIC,    22, -1.257846355438e+00, 1.342449763797e-06, 8.3318e+00, 2.1342e-01, 
 2DIAGNOSTIC,    23, -1.257846355438e+00, 1.308131913902e-06, 8.5337e+00, 2.0187e-01, 
 2DIAGNOSTIC,    24, -1.257846593857e+00, 1.288899966312e-06, 8.7139e+00, 1.8015e-01, 
 2DIAGNOSTIC,    25, -1.257846474648e+00, 1.252021320397e-06, 8.9170e+00, 2.0319e-01, 
 2DIAGNOSTIC,    26, -1.257846713066e+00, 1.216732698595e-06, 9.1053e+00, 1.8829e-01, 
 2DIAGNOSTIC,    27, -1.257846593857e+00, 1.183892095469e-06, 9.3086e+00, 2.0321e-01, 
 2DIAGNOSTIC,    28, -1.257846474648e+00, 1.143332610809e-06, 9.5078e+00, 1.9928e-01, 
 2DIAGNOSTIC,    29, -1.257846593857e+00, 1.104044827116e-06, 9.7082e+00, 2.0041e-01, 
 2DIAGNOSTIC,    30, -1.257846713066e+00, 1.066689378604e-06, 9.9124e+00, 2.0414e-01, 
 2DIAGNOSTIC,    31, -1.257846832275e+00, 1.031989427247e-06, 1.0117e+01, 2.0445e-01, 
DIAGNOSTIC,Iteration,metricValue,convergenceValue,ITERATION_TIME_INDEX,SINCE_LAST
 2DIAGNOSTIC,     1, -1.098208546638e+00, inf, 1.2770e+01, 2.6532e+00, 
 2DIAGNOSTIC,     2, -1.099636077881e+00, inf, 1.4339e+01, 1.5694e+00, 
 2DIAGNOSTIC,     3, -1.100184798241e+00, inf, 1.5573e+01, 1.2338e+00, 
 2DIAGNOSTIC,     4, -1.100392818451e+00, inf, 1.6756e+01, 1.1831e+00, 
 2DIAGNOSTIC,     5, -1.100410580635e+00, inf, 1.7752e+01, 9.9558e-01, 
 2DIAGNOSTIC,     6, -1.100479483604e+00, inf, 1.8745e+01, 9.9278e-01, 
 2DIAGNOSTIC,     7, -1.100573539734e+00, inf, 1.9745e+01, 1.0001e+00, 
 2DIAGNOSTIC,     8, -1.100618362427e+00, inf, 2.0730e+01, 9.8540e-01, 
 2DIAGNOSTIC,     9, -1.100855231285e+00, inf, 2.2479e+01, 1.7489e+00, 
 2DIAGNOSTIC,    10, -1.100855112076e+00, 1.093965111068e-04, 2.3582e+01, 1.1034e+00, 
 2DIAGNOSTIC,    11, -1.100853562355e+00, 5.550020068767e-05, 2.4703e+01, 1.1202e+00, 
 2DIAGNOSTIC,    12, -1.100854754448e+00, 3.638915586635e-05, 2.5759e+01, 1.0560e+00, 
 2DIAGNOSTIC,    13, -1.100854396820e+00, 2.793570820359e-05, 2.6947e+01, 1.1886e+00, 
 2DIAGNOSTIC,    14, -1.100854635239e+00, 2.217493965873e-05, 2.8164e+01, 1.2166e+00, 
 2DIAGNOSTIC,    15, -1.100853800774e+00, 1.564018566569e-05, 2.9272e+01, 1.1079e+00, 
 2DIAGNOSTIC,    16, -1.100853443146e+00, 9.817580576055e-06, 3.0352e+01, 1.0803e+00, 
 2DIAGNOSTIC,    17, -1.100853085518e+00, 5.406652689999e-06, 3.1405e+01, 1.0529e+00, 
 2DIAGNOSTIC,    18, -1.100853204727e+00, 1.706286866465e-06, 3.2458e+01, 1.0528e+00, 
 2DIAGNOSTIC,    19, -1.100853562355e+00, 1.625546474315e-06, 3.3542e+01, 1.0843e+00, 
 2DIAGNOSTIC,    20, -1.100853323936e+00, 1.553516426611e-06, 3.4647e+01, 1.1052e+00, 
 2DIAGNOSTIC,    21, -1.100853562355e+00, 1.475574322285e-06, 3.5745e+01, 1.0980e+00, 
 2DIAGNOSTIC,    22, -1.100853681564e+00, 1.423839535164e-06, 3.6740e+01, 9.9481e-01, 
 2DIAGNOSTIC,    23, -1.100853800774e+00, 1.375699866912e-06, 3.8075e+01, 1.3346e+00, 
 2DIAGNOSTIC,    24, -1.100853562355e+00, 1.332402348453e-06, 3.9189e+01, 1.1146e+00, 
 2DIAGNOSTIC,    25, -1.100853562355e+00, 1.283528604290e-06, 4.0404e+01, 1.2150e+00, 
 2DIAGNOSTIC,    26, -1.100853562355e+00, 1.233973193848e-06, 4.1532e+01, 1.1279e+00, 
 2DIAGNOSTIC,    27, -1.100853323936e+00, 1.181325956168e-06, 4.2673e+01, 1.1408e+00, 
 2DIAGNOSTIC,    28, -1.100853323936e+00, 1.133226305683e-06, 4.3801e+01, 1.1281e+00, 
 2DIAGNOSTIC,    29, -1.100853323936e+00, 1.092029378924e-06, 4.4925e+01, 1.1234e+00, 
 2DIAGNOSTIC,    30, -1.100853562355e+00, 1.054004428624e-06, 4.6113e+01, 1.1878e+00, 
 2DIAGNOSTIC,    31, -1.100853562355e+00, 1.020938839247e-06, 4.7218e+01, 1.1051e+00, 
  Elapsed time (stage 0): 4.8125e+01


Total elapsed time: 4.8135e+01
Registering MT-off to MP2RAGE
All_Command_lines_OK
Using single precision for computations.
  Reading mask(s).
    Registration stage 0
      Fixed mask = /home/tom29/rds/hpc-work/cbbu_BIDS/sub-40/anat/sub-40_mask_centred.nii.gz
 file NULL does not exist . 
      No moving mask
  number of levels = 4
  fixed image: /home/tom29/rds/hpc-work/cbbu_BIDS/sub-40/anat/sub-40_acq-whole_UNI_MP2RAGE_brain_N4_centred.nii.gz
  moving image: /home/tom29/rds/hpc-work/cbbu_BIDS/sub-40/anat/sub-40_acq-LC_mt-off_MTS_N4_centred.nii.gz
Dimension = 3
Number of stages = 1
Use histogram matching = false
Winsorize image intensities = true
  Lower quantile = 0.005
  Upper quantile = 0.995


Stage 1 State
   Image metric = MattesMI
     Fixed image = Image (0x42189e0)
  RTTI typeinfo:   itk::Image<float, 3u>
  Reference Count: 2
  Modified Time: 1519
  Debug: Off
  Object Name: 
  Observers: 
    none
  Source: (none)
  Source output name: (none)
  Release Data: Off
  Data Released: False
  Global Release Data: Off
  PipelineMTime: 0
  UpdateMTime: 1128
  RealTimeStamp: 0 seconds 
  LargestPossibleRegion: 
    Dimension: 3
    Index: [0, 0, 0]
    Size: [224, 300, 320]
  BufferedRegion: 
    Dimension: 3
    Index: [0, 0, 0]
    Size: [224, 300, 320]
  RequestedRegion: 
    Dimension: 3
    Index: [0, 0, 0]
    Size: [224, 300, 320]
  Spacing: [0.75, 0.75, 0.75]
  Origin: [79.9436, 155.506, -64.0366]
  Direction: 
-0.999857 0.00864668 0.0145569
-0.013632 -0.921034 -0.389244
0.0100417 -0.389386 0.92102

  IndexToPointMatrix: 
-0.749893 0.00648501 0.0109177
-0.010224 -0.690775 -0.291933
0.00753129 -0.29204 0.690765

  PointToIndexMatrix: 
-1.33314 -0.018176 0.013389
0.0115289 -1.22805 -0.519182
0.0194092 -0.518992 1.22803

  Inverse Direction: 
-0.999857 -0.013632 0.0100417
0.00864668 -0.921034 -0.389386
0.0145569 -0.389244 0.92102

  PixelContainer: 
    ImportImageContainer (0x4207b40)
      RTTI typeinfo:   itk::ImportImageContainer<unsigned long, float>
      Reference Count: 1
      Modified Time: 1125
      Debug: Off
      Object Name: 
      Observers: 
        none
      Pointer: 0x150e57e45010
      Container manages memory: true
      Size: 21504000
      Capacity: 21504000

     Moving image = Image (0x4223a40)
  RTTI typeinfo:   itk::Image<float, 3u>
  Reference Count: 2
  Modified Time: 1520
  Debug: Off
  Object Name: 
  Observers: 
    none
  Source: (none)
  Source output name: (none)
  Release Data: Off
  Data Released: False
  Global Release Data: Off
  PipelineMTime: 0
  UpdateMTime: 1517
  RealTimeStamp: 0 seconds 
  LargestPossibleRegion: 
    Dimension: 3
    Index: [0, 0, 0]
    Size: [448, 448, 112]
  BufferedRegion: 
    Dimension: 3
    Index: [0, 0, 0]
    Size: [448, 448, 112]
  RequestedRegion: 
    Dimension: 3
    Index: [0, 0, 0]
    Size: [448, 448, 112]
  Spacing: [0.428571, 0.428571, 0.5]
  Origin: [92.7258, 120.411, -15.1724]
  Direction: 
-0.999877 0.00683062 0.0141153
-0.0112657 -0.939047 -0.343605
0.0109079 -0.343722 0.939008

  IndexToPointMatrix: 
-0.428519 0.00292741 0.00705764
-0.00482817 -0.402449 -0.171802
0.00467481 -0.147309 0.469504

  PointToIndexMatrix: 
-2.33305 -0.0262867 0.0254517
0.0159381 -2.19111 -0.802017
0.0282306 -0.68721 1.87802

  Inverse Direction: 
-0.999877 -0.0112657 0.0109079
0.00683062 -0.939047 -0.343722
0.0141153 -0.343605 0.939008

  PixelContainer: 
    ImportImageContainer (0x421bcc0)
      RTTI typeinfo:   itk::ImportImageContainer<unsigned long, float>
      Reference Count: 1
      Modified Time: 1514
      Debug: Off
      Object Name: 
      Observers: 
        none
      Pointer: 0x150e52884010
      Container manages memory: true
      Size: 22478848
      Capacity: 22478848

     Weighting = 1
     Sampling strategy = regular
     Number of bins = 32
     Radius = 4
     Sampling percentage  = 0.25
   Transform = Rigid
     Gradient step = 0.1
     Update field sigma (voxel space) = 0
     Total field sigma (voxel space) = 0
     Update field time sigma = 0
     Total field time sigma  = 0
     Number of time indices = 0
     Number of time point samples = 0
Registration using 1 total stages.

Stage 0
  iterations = 1000x500x250x100
  convergence threshold = 1e-06
  convergence window size = 10
  number of levels = 4
  using the Mattes MI metric (number of bins = 32, weight = 1, use gradient filter = 0)
  preprocessing:  winsorizing the image intensities
  Shrink factors (level 1 out of 4): [8, 8, 8]
  Shrink factors (level 2 out of 4): [4, 4, 4]
  Shrink factors (level 3 out of 4): [2, 2, 2]
  Shrink factors (level 4 out of 4): [1, 1, 1]
  smoothing sigmas per level: [3, 2, 1, 0]
  regular sampling (percentage = 0.25)

*** Running Euler3DTransform registration ***

DIAGNOSTIC,Iteration,metricValue,convergenceValue,ITERATION_TIME_INDEX,SINCE_LAST
 2DIAGNOSTIC,     1, -2.674021124840e-01, inf, 4.9722e-01, 4.9722e-01, 
 2DIAGNOSTIC,     2, -2.712682485580e-01, inf, 4.9792e-01, 7.0596e-04, 
 2DIAGNOSTIC,     3, -2.769510746002e-01, inf, 4.9868e-01, 7.5912e-04, 
 2DIAGNOSTIC,     4, -2.791340649128e-01, inf, 4.9931e-01, 6.2895e-04, 
 2DIAGNOSTIC,     5, -2.796836197376e-01, inf, 5.0002e-01, 7.0596e-04, 
 2DIAGNOSTIC,     6, -2.827848494053e-01, inf, 5.0064e-01, 6.2490e-04, 
 2DIAGNOSTIC,     7, -2.856463789940e-01, inf, 5.0136e-01, 7.1502e-04, 
 2DIAGNOSTIC,     8, -2.872322201729e-01, inf, 5.0207e-01, 7.1311e-04, 
 2DIAGNOSTIC,     9, -2.873403131962e-01, inf, 5.0280e-01, 7.3195e-04, 
 2DIAGNOSTIC,    10, -2.930521965027e-01, 5.106091964990e-03, 5.0371e-01, 9.0814e-04, 
 2DIAGNOSTIC,    11, -2.972202003002e-01, 4.555034916848e-03, 5.0496e-01, 1.2462e-03, 
 2DIAGNOSTIC,    12, -3.009632527828e-01, 4.303967114538e-03, 5.0587e-01, 9.1100e-04, 
 2DIAGNOSTIC,    13, -2.986385524273e-01, 3.966280259192e-03, 5.0680e-01, 9.3389e-04, 
 2DIAGNOSTIC,    14, -2.995066642761e-01, 3.551327856258e-03, 5.0758e-01, 7.8201e-04, 
 2DIAGNOSTIC,    15, -2.987877130508e-01, 2.851629862562e-03, 5.0841e-01, 8.2707e-04, 
 2DIAGNOSTIC,    16, -2.997439503670e-01, 2.221361268312e-03, 5.0926e-01, 8.4496e-04, 
 2DIAGNOSTIC,    17, -3.003649115562e-01, 1.663391245529e-03, 5.1017e-01, 9.1195e-04, 
 2DIAGNOSTIC,    18, -3.023042976856e-01, 1.216173055582e-03, 5.1114e-01, 9.6989e-04, 
 2DIAGNOSTIC,    19, -3.028726279736e-01, 7.360285962932e-04, 5.1200e-01, 8.6617e-04, 
 2DIAGNOSTIC,    20, -3.051775395870e-01, 6.250907899812e-04, 5.1286e-01, 8.5497e-04, 
 2DIAGNOSTIC,    21, -3.076772391796e-01, 7.689018966630e-04, 5.1382e-01, 9.6107e-04, 
 2DIAGNOSTIC,    22, -3.098182082176e-01, 1.087566022761e-03, 5.1481e-01, 9.9301e-04, 
 2DIAGNOSTIC,    23, -3.105652034283e-01, 1.206915010698e-03, 5.1569e-01, 8.7500e-04, 
 2DIAGNOSTIC,    24, -3.106219172478e-01, 1.242775586434e-03, 5.1654e-01, 8.5616e-04, 
 2DIAGNOSTIC,    25, -3.098056614399e-01, 1.100327004679e-03, 5.1743e-01, 8.8692e-04, 
 2DIAGNOSTIC,    26, -3.090054094791e-01, 8.717996533960e-04, 5.1824e-01, 8.0705e-04, 
 2DIAGNOSTIC,    27, -3.094239830971e-01, 6.144693470560e-04, 5.1898e-01, 7.4220e-04, 
 2DIAGNOSTIC,    28, -3.098297715187e-01, 3.988346143160e-04, 5.1981e-01, 8.2684e-04, 
 2DIAGNOSTIC,    29, -3.105674684048e-01, 2.036617224803e-04, 5.2075e-01, 9.4795e-04, 
 2DIAGNOSTIC,    30, -3.114095032215e-01, 1.024501398206e-04, 5.2184e-01, 1.0810e-03, 
 2DIAGNOSTIC,    31, -3.118809759617e-01, 8.862539107213e-05, 5.2282e-01, 9.8705e-04, 
 2DIAGNOSTIC,    32, -3.123207390308e-01, 1.433867437299e-04, 5.2364e-01, 8.1301e-04, 
 2DIAGNOSTIC,    33, -3.132692277431e-01, 2.292514545843e-04, 5.2448e-01, 8.4496e-04, 
 2DIAGNOSTIC,    34, -3.140869736671e-01, 3.123096830677e-04, 5.2528e-01, 8.0419e-04, 
 2DIAGNOSTIC,    35, -3.148932754993e-01, 3.608510887716e-04, 5.2613e-01, 8.4805e-04, 
 2DIAGNOSTIC,    36, -3.153038620949e-01, 3.619643684942e-04, 5.2722e-01, 1.0891e-03, 
 2DIAGNOSTIC,    37, -3.155803680420e-01, 3.467145143077e-04, 5.2808e-01, 8.5878e-04, 
 2DIAGNOSTIC,    38, -3.157568871975e-01, 3.135476144962e-04, 5.2894e-01, 8.5902e-04, 
 2DIAGNOSTIC,    39, -3.157181739807e-01, 2.686734369490e-04, 5.2970e-01, 7.5793e-04, 
 2DIAGNOSTIC,    40, -3.159386515617e-01, 2.255985455122e-04, 5.3048e-01, 7.8011e-04, 
 2DIAGNOSTIC,    41, -3.160824179649e-01, 1.773632247932e-04, 5.3122e-01, 7.4005e-04, 
 2DIAGNOSTIC,    42, -3.162344098091e-01, 1.276464026887e-04, 5.3197e-01, 7.5698e-04, 
 2DIAGNOSTIC,    43, -3.163947463036e-01, 9.224852692569e-05, 5.3274e-01, 7.6890e-04, 
 2DIAGNOSTIC,    44, -3.165743350983e-01, 7.075001485646e-05, 5.3394e-01, 1.2002e-03, 
 2DIAGNOSTIC,    45, -3.166693747044e-01, 6.212329026312e-05, 5.3473e-01, 7.8702e-04, 
 2DIAGNOSTIC,    46, -3.167438209057e-01, 5.772848089691e-05, 5.3548e-01, 7.4697e-04, 
 2DIAGNOSTIC,    47, -3.168536722660e-01, 5.569438144448e-05, 5.3627e-01, 7.8988e-04, 
 2DIAGNOSTIC,    48, -3.181952238083e-01, 7.807472138666e-05, 5.3711e-01, 8.4186e-04, 
 2DIAGNOSTIC,    49, -3.176358640194e-01, 7.989736332092e-05, 5.3815e-01, 1.0390e-03, 
 2DIAGNOSTIC,    50, -3.180071413517e-01, 8.568997873226e-05, 5.3943e-01, 1.2779e-03, 
 2DIAGNOSTIC,    51, -3.180283010006e-01, 8.616835839348e-05, 5.4032e-01, 8.9693e-04, 
 2DIAGNOSTIC,    52, -3.178778886795e-01, 7.822080806363e-05, 5.4114e-01, 8.1205e-04, 
 2DIAGNOSTIC,    53, -3.179681301117e-01, 6.731579924235e-05, 5.4195e-01, 8.1205e-04, 
 2DIAGNOSTIC,    54, -3.179887831211e-01, 5.386342309066e-05, 5.4275e-01, 8.0609e-04, 
 2DIAGNOSTIC,    55, -3.180140852928e-01, 3.809444388025e-05, 5.4354e-01, 7.8797e-04, 
 2DIAGNOSTIC,    56, -3.180399537086e-01, 2.103660153807e-05, 5.4431e-01, 7.6509e-04, 
 2DIAGNOSTIC,    57, -3.180651068687e-01, 4.230199010635e-06, 5.4512e-01, 8.0991e-04, 
 2DIAGNOSTIC,    58, -3.180814087391e-01, 9.705449883768e-06, 5.4627e-01, 1.1499e-03, 
 2DIAGNOSTIC,    59, -3.180878162384e-01, 5.213282747718e-06, 5.4703e-01, 7.6699e-04, 
 2DIAGNOSTIC,    60, -3.180927336216e-01, 6.219467195479e-06, 5.4790e-01, 8.7094e-04, 
 2DIAGNOSTIC,    61, -3.181152939796e-01, 7.390440259769e-06, 5.4877e-01, 8.6784e-04, 
 2DIAGNOSTIC,    62, -3.181181848049e-01, 5.617376245937e-06, 5.4994e-01, 1.1699e-03, 
 2DIAGNOSTIC,    63, -3.181178569794e-01, 4.733116838906e-06, 5.5128e-01, 1.3380e-03, 
 2DIAGNOSTIC,    64, -3.181178569794e-01, 3.773667003770e-06, 5.5218e-01, 8.9502e-04, 
 2DIAGNOSTIC,    65, -3.181177079678e-01, 2.883853994717e-06, 5.5304e-01, 8.6403e-04, 
 2DIAGNOSTIC,    66, -3.181176483631e-01, 2.142344328604e-06, 5.5393e-01, 8.8787e-04, 
 2DIAGNOSTIC,    67, -3.181176781654e-01, 1.606077489669e-06, 5.5488e-01, 9.5391e-04, 
 2DIAGNOSTIC,    68, -3.181177973747e-01, 1.204520003739e-06, 5.5577e-01, 8.8882e-04, 
DIAGNOSTIC,Iteration,metricValue,convergenceValue,ITERATION_TIME_INDEX,SINCE_LAST
 2DIAGNOSTIC,     1, -8.301310986280e-02, inf, 1.0894e+00, 5.3359e-01, 
 2DIAGNOSTIC,     2, -8.327682316303e-02, inf, 1.0923e+00, 2.9421e-03, 
 2DIAGNOSTIC,     3, -8.342029899359e-02, inf, 1.0953e+00, 3.0329e-03, 
 2DIAGNOSTIC,     4, -8.359242230654e-02, inf, 1.0980e+00, 2.6300e-03, 
 2DIAGNOSTIC,     5, -8.346645534039e-02, inf, 1.1003e+00, 2.3038e-03, 
 2DIAGNOSTIC,     6, -8.358220010996e-02, inf, 1.1027e+00, 2.4588e-03, 
 2DIAGNOSTIC,     7, -8.543237298727e-02, inf, 1.1060e+00, 3.2449e-03, 
 2DIAGNOSTIC,     8, -8.590524643660e-02, inf, 1.1087e+00, 2.6898e-03, 
 2DIAGNOSTIC,     9, -8.593276143074e-02, inf, 1.1112e+00, 2.5582e-03, 
 2DIAGNOSTIC,    10, -8.591312915087e-02, 2.645722357556e-03, 1.1137e+00, 2.4529e-03, 
 2DIAGNOSTIC,    11, -8.582264184952e-02, 2.391613787040e-03, 1.1160e+00, 2.3470e-03, 
 2DIAGNOSTIC,    12, -8.584076911211e-02, 2.035722834989e-03, 1.1183e+00, 2.3029e-03, 
 2DIAGNOSTIC,    13, -8.585246652365e-02, 1.586446887814e-03, 1.1210e+00, 2.6989e-03, 
 2DIAGNOSTIC,    14, -8.586706221104e-02, 1.110659562983e-03, 1.1237e+00, 2.6429e-03, 
 2DIAGNOSTIC,    15, -8.587004989386e-02, 5.766004323959e-04, 1.1258e+00, 2.1639e-03, 
 2DIAGNOSTIC,    16, -8.583592623472e-02, 6.505104829557e-05, 1.1282e+00, 2.3890e-03, 
DIAGNOSTIC,Iteration,metricValue,convergenceValue,ITERATION_TIME_INDEX,SINCE_LAST
 2DIAGNOSTIC,     1, -3.895652294159e-02, inf, 1.7966e+00, 6.6843e-01, 
 2DIAGNOSTIC,     2, -3.932267799973e-02, inf, 1.8162e+00, 1.9550e-02, 
 2DIAGNOSTIC,     3, -3.958445042372e-02, inf, 1.8346e+00, 1.8357e-02, 
 2DIAGNOSTIC,     4, -4.048438370228e-02, inf, 1.8533e+00, 1.8760e-02, 
 2DIAGNOSTIC,     5, -4.782814159989e-02, inf, 1.8767e+00, 2.3432e-02, 
 2DIAGNOSTIC,     6, -4.998224601150e-02, inf, 1.9003e+00, 2.3596e-02, 
 2DIAGNOSTIC,     7, -5.014131590724e-02, inf, 1.9173e+00, 1.6988e-02, 
 2DIAGNOSTIC,     8, -5.043711885810e-02, inf, 1.9334e+00, 1.6042e-02, 
 2DIAGNOSTIC,     9, -5.083921924233e-02, inf, 1.9513e+00, 1.7974e-02, 
 2DIAGNOSTIC,    10, -5.104217305779e-02, 2.146398648620e-02, 1.9674e+00, 1.6055e-02, 
 2DIAGNOSTIC,    11, -5.121441185474e-02, 1.695889793336e-02, 1.9841e+00, 1.6741e-02, 
 2DIAGNOSTIC,    12, -5.182668566704e-02, 1.230976637453e-02, 2.0004e+00, 1.6267e-02, 
 2DIAGNOSTIC,    13, -5.351499095559e-02, 8.261122740805e-03, 2.0306e+00, 3.0188e-02, 
 2DIAGNOSTIC,    14, -5.385152623057e-02, 4.543340299278e-03, 2.0487e+00, 1.8078e-02, 
 2DIAGNOSTIC,    15, -5.383748933673e-02, 3.834573784843e-03, 2.0681e+00, 1.9435e-02, 
 2DIAGNOSTIC,    16, -5.385593324900e-02, 3.681637812406e-03, 2.0830e+00, 1.4867e-02, 
 2DIAGNOSTIC,    17, -5.388183891773e-02, 3.270755987614e-03, 2.0985e+00, 1.5533e-02, 
 2DIAGNOSTIC,    18, -5.400343984365e-02, 2.730879001319e-03, 2.1190e+00, 2.0466e-02, 
 2DIAGNOSTIC,    19, -5.410430952907e-02, 2.151017310098e-03, 2.1365e+00, 1.7515e-02, 
 2DIAGNOSTIC,    20, -5.412346869707e-02, 1.507125911303e-03, 2.1520e+00, 1.5536e-02, 
 2DIAGNOSTIC,    21, -5.415100231767e-02, 8.472500485368e-04, 2.1718e+00, 1.9804e-02, 
 2DIAGNOSTIC,    22, -5.416531860828e-02, 3.238757490180e-04, 2.1892e+00, 1.7373e-02, 
 2DIAGNOSTIC,    23, -5.417506769300e-02, 2.343457454117e-04, 2.2044e+00, 1.5241e-02, 
 2DIAGNOSTIC,    24, -5.419373512268e-02, 2.143448073184e-04, 2.2195e+00, 1.5022e-02, 
 2DIAGNOSTIC,    25, -5.422712489963e-02, 1.806479267543e-04, 2.2365e+00, 1.7033e-02, 
 2DIAGNOSTIC,    26, -5.426752567291e-02, 1.458536571590e-04, 2.2564e+00, 1.9892e-02, 
 2DIAGNOSTIC,    27, -5.426021665335e-02, 1.035061795847e-04, 2.2719e+00, 1.5499e-02, 
 2DIAGNOSTIC,    28, -5.427819862962e-02, 8.231590618379e-05, 2.2904e+00, 1.8526e-02, 
 2DIAGNOSTIC,    29, -5.428237468004e-02, 7.511954754591e-05, 2.3072e+00, 1.6749e-02, 
 2DIAGNOSTIC,    30, -5.429703742266e-02, 6.748081796104e-05, 2.3244e+00, 1.7220e-02, 
 2DIAGNOSTIC,    31, -5.431039258838e-02, 6.125504296506e-05, 2.3421e+00, 1.7676e-02, 
 2DIAGNOSTIC,    32, -5.433391034603e-02, 5.633474575006e-05, 2.3600e+00, 1.7983e-02, 
 2DIAGNOSTIC,    33, -5.433472618461e-02, 4.825660653296e-05, 2.3775e+00, 1.7502e-02, 
 2DIAGNOSTIC,    34, -5.432498827577e-02, 3.760090112337e-05, 2.3948e+00, 1.7258e-02, 
 2DIAGNOSTIC,    35, -5.431850254536e-02, 2.825080991897e-05, 2.4143e+00, 1.9498e-02, 
 2DIAGNOSTIC,    36, -5.432321131229e-02, 2.377499731665e-05, 2.4315e+00, 1.7178e-02, 
 2DIAGNOSTIC,    37, -5.432512983680e-02, 1.642638562771e-05, 2.4481e+00, 1.6641e-02, 
 2DIAGNOSTIC,    38, -5.434464290738e-02, 1.343160693068e-05, 2.4662e+00, 1.8112e-02, 
 2DIAGNOSTIC,    39, -5.437593907118e-02, 1.436215825379e-05, 2.4880e+00, 2.1736e-02, 
 2DIAGNOSTIC,    40, -5.440852046013e-02, 2.033667078649e-05, 2.5094e+00, 2.1416e-02, 
 2DIAGNOSTIC,    41, -5.438460409641e-02, 2.259076609334e-05, 2.5328e+00, 2.3448e-02, 
 2DIAGNOSTIC,    42, -5.438625812531e-02, 2.608409158711e-05, 2.5501e+00, 1.7239e-02, 
 2DIAGNOSTIC,    43, -5.441559851170e-02, 3.081910836045e-05, 2.5693e+00, 1.9276e-02, 
 2DIAGNOSTIC,    44, -5.441572889686e-02, 3.106575604761e-05, 2.5887e+00, 1.9320e-02, 
 2DIAGNOSTIC,    45, -5.441556870937e-02, 2.760179631878e-05, 2.6084e+00, 1.9749e-02, 
 2DIAGNOSTIC,    46, -5.441560596228e-02, 2.245838004455e-05, 2.6290e+00, 2.0559e-02, 
 2DIAGNOSTIC,    47, -5.441088229418e-02, 1.517377313576e-05, 2.6489e+00, 1.9902e-02, 
 2DIAGNOSTIC,    48, -5.440863966942e-02, 8.629555850348e-06, 2.6658e+00, 1.6952e-02, 
 2DIAGNOSTIC,    49, -5.441007763147e-02, 5.081001290819e-06, 2.6849e+00, 1.9059e-02, 
 2DIAGNOSTIC,    50, -5.441379174590e-02, 5.303714715410e-06, 2.7012e+00, 1.6312e-02, 
 2DIAGNOSTIC,    51, -5.441953614354e-02, 3.164406052747e-06, 2.7200e+00, 1.8777e-02, 
DIAGNOSTIC,Iteration,metricValue,convergenceValue,ITERATION_TIME_INDEX,SINCE_LAST
 2DIAGNOSTIC,     1, -4.289926216006e-02, inf, 3.9904e+00, 1.2704e+00, 
 2DIAGNOSTIC,     2, -4.362627863884e-02, inf, 4.0907e+00, 1.0031e-01, 
 2DIAGNOSTIC,     3, -4.422126710415e-02, inf, 4.1929e+00, 1.0219e-01, 
 2DIAGNOSTIC,     4, -4.428418725729e-02, inf, 4.4443e+00, 2.5145e-01, 
 2DIAGNOSTIC,     5, -4.428415372968e-02, inf, 4.5436e+00, 9.9261e-02, 
 2DIAGNOSTIC,     6, -4.428758844733e-02, inf, 4.6399e+00, 9.6290e-02, 
 2DIAGNOSTIC,     7, -4.429296031594e-02, inf, 4.7350e+00, 9.5125e-02, 
 2DIAGNOSTIC,     8, -4.429966211319e-02, inf, 4.8295e+00, 9.4527e-02, 
 2DIAGNOSTIC,     9, -4.430915415287e-02, inf, 4.9269e+00, 9.7394e-02, 
 2DIAGNOSTIC,    10, -4.431802406907e-02, 1.340990420431e-03, 5.0255e+00, 9.8575e-02, 
 2DIAGNOSTIC,    11, -4.432799667120e-02, 4.785283817910e-04, 5.1193e+00, 9.3807e-02, 
 2DIAGNOSTIC,    12, -4.434083402157e-02, 1.061459552147e-04, 5.2174e+00, 9.8125e-02, 
 2DIAGNOSTIC,    13, -4.435889422894e-02, 8.460267417831e-05, 5.3140e+00, 9.6599e-02, 
 2DIAGNOSTIC,    14, -4.439495876431e-02, 1.040597999236e-04, 5.4117e+00, 9.7709e-02, 
 2DIAGNOSTIC,    15, -4.442257806659e-02, 1.231250062119e-04, 5.5737e+00, 1.6196e-01, 
 2DIAGNOSTIC,    16, -4.443892464042e-02, 1.365584612358e-04, 5.6814e+00, 1.0767e-01, 
 2DIAGNOSTIC,    17, -4.444424435496e-02, 1.401364424964e-04, 5.7951e+00, 1.1369e-01, 
 2DIAGNOSTIC,    18, -4.444485157728e-02, 1.331572711933e-04, 5.8937e+00, 9.8674e-02, 
 2DIAGNOSTIC,    19, -4.445078969002e-02, 1.198293248308e-04, 6.0093e+00, 1.1554e-01, 
 2DIAGNOSTIC,    20, -4.445628821850e-02, 1.012936263578e-04, 6.1077e+00, 9.8471e-02, 
 2DIAGNOSTIC,    21, -4.446310177445e-02, 8.036723738769e-05, 6.2051e+00, 9.7386e-02, 
 2DIAGNOSTIC,    22, -4.448010772467e-02, 6.275314808590e-05, 6.3148e+00, 1.0964e-01, 
 2DIAGNOSTIC,    23, -4.449308291078e-02, 4.938082201988e-05, 6.4118e+00, 9.6993e-02, 
 2DIAGNOSTIC,    24, -4.451479762793e-02, 4.789616650669e-05, 6.5981e+00, 1.8637e-01, 
 2DIAGNOSTIC,    25, -4.451690986753e-02, 4.960428486811e-05, 6.7092e+00, 1.1106e-01, 
 2DIAGNOSTIC,    26, -4.451477155089e-02, 5.018243973609e-05, 6.8078e+00, 9.8573e-02, 
 2DIAGNOSTIC,    27, -4.451598227024e-02, 4.771163003170e-05, 6.9205e+00, 1.1272e-01, 
 2DIAGNOSTIC,    28, -4.451612010598e-02, 4.111303132959e-05, 7.0152e+00, 9.4726e-02, 
 2DIAGNOSTIC,    29, -4.451525211334e-02, 3.226380431443e-05, 7.1292e+00, 1.1402e-01, 
 2DIAGNOSTIC,    30, -4.451693221927e-02, 2.262871385028e-05, 7.2423e+00, 1.1306e-01, 
 2DIAGNOSTIC,    31, -4.451573640108e-02, 1.273641282751e-05, 7.3411e+00, 9.8816e-02, 
 2DIAGNOSTIC,    32, -4.451476782560e-02, 5.558132215810e-06, 7.4548e+00, 1.1373e-01, 
 2DIAGNOSTIC,    33, -4.451587051153e-02, 1.002378894555e-06, 7.5506e+00, 9.5795e-02, 
  Elapsed time (stage 0): 7.8038e+00


Total elapsed time: 7.8051e+00
Transforming MT-off to MNI
Transforming MT-on to MNI
