Loading spm/spm12
  Loading requirement: matlab/r2019a
Non-commercial use only - see $FSLDIR/LICENSE
N4 bias corrrection
Centring images
MATLAB is selecting SOFTWARE OPENGL rendering.

Written new image at:
	/home/tom29/rds/hpc-work/cbbu_BIDS/sub-12/anat/sub-12_acq-LC_mt-on_MTS_N4_centred.nii

MATLAB is selecting SOFTWARE OPENGL rendering.

Written new image at:
	/home/tom29/rds/hpc-work/cbbu_BIDS/sub-12/anat/sub-12_acq-LC_mt-off_MTS_N4_centred.nii

Registering MT-on to MT-off
All_Command_lines_OK
Using single precision for computations.
  number of levels = 4
  fixed image: /home/tom29/rds/hpc-work/cbbu_BIDS/sub-12/anat/sub-12_acq-LC_mt-off_MTS_N4_centred.nii.gz
  moving image: /home/tom29/rds/hpc-work/cbbu_BIDS/sub-12/anat/sub-12_acq-LC_mt-on_MTS_N4_centred.nii.gz
Dimension = 3
Number of stages = 1
Use histogram matching = false
Winsorize image intensities = true
  Lower quantile = 0.005
  Upper quantile = 0.995


Stage 1 State
   Image metric = MattesMI
     Fixed image = Image (0x4a493c0)
  RTTI typeinfo:   itk::Image<float, 3u>
  Reference Count: 2
  Modified Time: 1076
  Debug: Off
  Object Name: 
  Observers: 
    none
  Source: (none)
  Source output name: (none)
  Release Data: Off
  Data Released: False
  Global Release Data: Off
  PipelineMTime: 0
  UpdateMTime: 685
  RealTimeStamp: 0 seconds 
  LargestPossibleRegion: 
    Dimension: 3
    Index: [0, 0, 0]
    Size: [448, 448, 112]
  BufferedRegion: 
    Dimension: 3
    Index: [0, 0, 0]
    Size: [448, 448, 112]
  RequestedRegion: 
    Dimension: 3
    Index: [0, 0, 0]
    Size: [448, 448, 112]
  Spacing: [0.428571, 0.428571, 0.5]
  Origin: [94.3837, 118.401, -17.8601]
  Direction: 
-0.999989 -0.00074895 -0.00467528
0.00207947 -0.956556 -0.29154
-0.00425382 -0.291546 0.956547

  IndexToPointMatrix: 
-0.428567 -0.000320979 -0.00233764
0.0008912 -0.409953 -0.14577
-0.00182307 -0.124948 0.478274

  PointToIndexMatrix: 
-2.33331 0.00485209 -0.00992558
-0.00174755 -2.23197 -0.680275
-0.00935056 -0.58308 1.91309

  Inverse Direction: 
-0.999989 0.00207947 -0.00425382
-0.00074895 -0.956556 -0.291546
-0.00467528 -0.29154 0.956547

  PixelContainer: 
    ImportImageContainer (0x4a35890)
      RTTI typeinfo:   itk::ImportImageContainer<unsigned long, float>
      Reference Count: 1
      Modified Time: 682
      Debug: Off
      Object Name: 
      Observers: 
        none
      Pointer: 0x149049f32010
      Container manages memory: true
      Size: 22478848
      Capacity: 22478848

     Moving image = Image (0x4a4cb60)
  RTTI typeinfo:   itk::Image<float, 3u>
  Reference Count: 2
  Modified Time: 1077
  Debug: Off
  Object Name: 
  Observers: 
    none
  Source: (none)
  Source output name: (none)
  Release Data: Off
  Data Released: False
  Global Release Data: Off
  PipelineMTime: 0
  UpdateMTime: 1074
  RealTimeStamp: 0 seconds 
  LargestPossibleRegion: 
    Dimension: 3
    Index: [0, 0, 0]
    Size: [448, 448, 112]
  BufferedRegion: 
    Dimension: 3
    Index: [0, 0, 0]
    Size: [448, 448, 112]
  RequestedRegion: 
    Dimension: 3
    Index: [0, 0, 0]
    Size: [448, 448, 112]
  Spacing: [0.428571, 0.428571, 0.5]
  Origin: [94.3837, 118.401, -17.8601]
  Direction: 
-0.999989 -0.00074895 -0.00467528
0.00207947 -0.956556 -0.29154
-0.00425382 -0.291546 0.956547

  IndexToPointMatrix: 
-0.428567 -0.000320979 -0.00233764
0.0008912 -0.409953 -0.14577
-0.00182307 -0.124948 0.478274

  PointToIndexMatrix: 
-2.33331 0.00485209 -0.00992558
-0.00174755 -2.23197 -0.680275
-0.00935056 -0.58308 1.91309

  Inverse Direction: 
-0.999989 0.00207947 -0.00425382
-0.00074895 -0.956556 -0.291546
-0.00467528 -0.29154 0.956547

  PixelContainer: 
    ImportImageContainer (0x4a4cb00)
      RTTI typeinfo:   itk::ImportImageContainer<unsigned long, float>
      Reference Count: 1
      Modified Time: 1071
      Debug: Off
      Object Name: 
      Observers: 
        none
      Pointer: 0x149044971010
      Container manages memory: true
      Size: 22478848
      Capacity: 22478848

     Weighting = 1
     Sampling strategy = regular
     Number of bins = 32
     Radius = 4
     Sampling percentage  = 0.25
   Transform = Rigid
     Gradient step = 0.1
     Update field sigma (voxel space) = 0
     Total field sigma (voxel space) = 0
     Update field time sigma = 0
     Total field time sigma  = 0
     Number of time indices = 0
     Number of time point samples = 0
Registration using 1 total stages.

Stage 0
  iterations = 1000x500x250x100
  convergence threshold = 1e-06
  convergence window size = 10
  number of levels = 4
  using the Mattes MI metric (number of bins = 32, weight = 1, use gradient filter = 0)
  preprocessing:  winsorizing the image intensities
  Shrink factors (level 1 out of 4): [8, 8, 7]
  Shrink factors (level 2 out of 4): [4, 4, 3]
  Shrink factors (level 3 out of 4): [2, 2, 2]
  Shrink factors (level 4 out of 4): [1, 1, 1]
  smoothing sigmas per level: [3, 2, 1, 0]
  regular sampling (percentage = 0.25)

*** Running Euler3DTransform registration ***

DIAGNOSTIC,Iteration,metricValue,convergenceValue,ITERATION_TIME_INDEX,SINCE_LAST
 2DIAGNOSTIC,     1, -1.403722882271e+00, inf, 6.4199e-01, 6.4199e-01, 
 2DIAGNOSTIC,     2, -1.426103711128e+00, inf, 6.4556e-01, 3.5729e-03, 
 2DIAGNOSTIC,     3, -1.437393784523e+00, inf, 6.4901e-01, 3.4518e-03, 
 2DIAGNOSTIC,     4, -1.440020918846e+00, inf, 6.5268e-01, 3.6659e-03, 
 2DIAGNOSTIC,     5, -1.440379858017e+00, inf, 6.5602e-01, 3.3450e-03, 
 2DIAGNOSTIC,     6, -1.440743684769e+00, inf, 6.5957e-01, 3.5479e-03, 
 2DIAGNOSTIC,     7, -1.440952301025e+00, inf, 6.6312e-01, 3.5460e-03, 
 2DIAGNOSTIC,     8, -1.440892934799e+00, inf, 6.6737e-01, 4.2529e-03, 
 2DIAGNOSTIC,     9, -1.441097140312e+00, inf, 6.7071e-01, 3.3429e-03, 
 2DIAGNOSTIC,    10, -1.441235542297e+00, 1.063828356564e-03, 6.7470e-01, 3.9880e-03, 
 2DIAGNOSTIC,    11, -1.441207289696e+00, 3.536115982570e-04, 6.7799e-01, 3.2890e-03, 
 2DIAGNOSTIC,    12, -1.441224098206e+00, 9.537993173581e-05, 6.8171e-01, 3.7191e-03, 
 2DIAGNOSTIC,    13, -1.441257357597e+00, 3.997271778644e-05, 6.8659e-01, 4.8859e-03, 
 2DIAGNOSTIC,    14, -1.441259384155e+00, 2.613578362798e-05, 6.9061e-01, 4.0200e-03, 
 2DIAGNOSTIC,    15, -1.441259026527e+00, 1.655004052736e-05, 6.9439e-01, 3.7770e-03, 
 2DIAGNOSTIC,    16, -1.441259503365e+00, 1.130908640334e-05, 6.9869e-01, 4.2989e-03, 
 2DIAGNOSTIC,    17, -1.441259741783e+00, 8.328708645422e-06, 7.0300e-01, 4.3118e-03, 
 2DIAGNOSTIC,    18, -1.441259503365e+00, 4.371641352918e-06, 7.0664e-01, 3.6352e-03, 
 2DIAGNOSTIC,    19, -1.441259741783e+00, 2.674188408491e-06, 7.1078e-01, 4.1418e-03, 
 2DIAGNOSTIC,    20, -1.441259503365e+00, 2.434656607875e-06, 7.1449e-01, 3.7060e-03, 
 2DIAGNOSTIC,    21, -1.441259384155e+00, 1.872242478385e-06, 7.1816e-01, 3.6759e-03, 
 2DIAGNOSTIC,    22, -1.441259384155e+00, 1.470505594625e-06, 7.2160e-01, 3.4399e-03, 
 2DIAGNOSTIC,    23, -1.441259741783e+00, 1.389972567267e-06, 7.2544e-01, 3.8431e-03, 
 2DIAGNOSTIC,    24, -1.441259860992e+00, 1.333454747510e-06, 7.2951e-01, 4.0641e-03, 
 2DIAGNOSTIC,    25, -1.441259741783e+00, 1.277079491047e-06, 7.3300e-01, 3.4950e-03, 
 2DIAGNOSTIC,    26, -1.441259622574e+00, 1.227583197760e-06, 7.3661e-01, 3.6070e-03, 
 2DIAGNOSTIC,    27, -1.441259622574e+00, 1.183364361168e-06, 7.4023e-01, 3.6221e-03, 
 2DIAGNOSTIC,    28, -1.441259503365e+00, 1.139314463217e-06, 7.4400e-01, 3.7708e-03, 
 2DIAGNOSTIC,    29, -1.441259503365e+00, 1.099810901906e-06, 7.4865e-01, 4.6439e-03, 
 2DIAGNOSTIC,    30, -1.441259860992e+00, 1.063667468770e-06, 7.5243e-01, 3.7880e-03, 
 2DIAGNOSTIC,    31, -1.441259741783e+00, 1.028142378345e-06, 7.5592e-01, 3.4881e-03, 
DIAGNOSTIC,Iteration,metricValue,convergenceValue,ITERATION_TIME_INDEX,SINCE_LAST
 2DIAGNOSTIC,     1, -1.339832067490e+00, inf, 1.4615e+00, 7.0558e-01, 
 2DIAGNOSTIC,     2, -1.340509057045e+00, inf, 1.5077e+00, 4.6205e-02, 
 2DIAGNOSTIC,     3, -1.340684890747e+00, inf, 1.5590e+00, 5.1286e-02, 
 2DIAGNOSTIC,     4, -1.340701937675e+00, inf, 1.6200e+00, 6.0986e-02, 
 2DIAGNOSTIC,     5, -1.340707063675e+00, inf, 1.6680e+00, 4.8046e-02, 
 2DIAGNOSTIC,     6, -1.340692043304e+00, inf, 1.7141e+00, 4.6122e-02, 
 2DIAGNOSTIC,     7, -1.340687990189e+00, inf, 1.7699e+00, 5.5701e-02, 
 2DIAGNOSTIC,     8, -1.340687870979e+00, inf, 1.8199e+00, 5.0089e-02, 
 2DIAGNOSTIC,     9, -1.340683221817e+00, inf, 1.8685e+00, 4.8543e-02, 
 2DIAGNOSTIC,    10, -1.340683102608e+00, 2.430261520203e-05, 1.9173e+00, 4.8816e-02, 
 2DIAGNOSTIC,    11, -1.340683341026e+00, 5.782018888567e-06, 1.9665e+00, 4.9186e-02, 
 2DIAGNOSTIC,    12, -1.340682983398e+00, 1.959933115359e-06, 2.0130e+00, 4.6513e-02, 
 2DIAGNOSTIC,    13, -1.340683102608e+00, 1.647477120059e-06, 2.0516e+00, 3.8576e-02, 
 2DIAGNOSTIC,    14, -1.340683579445e+00, 1.712816356303e-06, 2.1047e+00, 5.3139e-02, 
 2DIAGNOSTIC,    15, -1.340683579445e+00, 1.898342020468e-06, 2.1528e+00, 4.8080e-02, 
 2DIAGNOSTIC,    16, -1.340677261353e+00, 1.798932203201e-06, 2.2027e+00, 4.9894e-02, 
 2DIAGNOSTIC,    17, -1.340677499771e+00, 1.682799393166e-06, 2.2492e+00, 4.6523e-02, 
 2DIAGNOSTIC,    18, -1.340677022934e+00, 1.590553665665e-06, 2.2993e+00, 5.0091e-02, 
 2DIAGNOSTIC,    19, -1.340677261353e+00, 1.474126747780e-06, 2.3494e+00, 5.0124e-02, 
 2DIAGNOSTIC,    20, -1.340677380562e+00, 1.387984184475e-06, 2.3938e+00, 4.4383e-02, 
 2DIAGNOSTIC,    21, -1.340677261353e+00, 1.331299017693e-06, 2.4460e+00, 5.2154e-02, 
 2DIAGNOSTIC,    22, -1.340677022934e+00, 1.291471562581e-06, 2.4945e+00, 4.8513e-02, 
 2DIAGNOSTIC,    23, -1.340676784515e+00, 1.267511152037e-06, 2.5401e+00, 4.5615e-02, 
 2DIAGNOSTIC,    24, -1.340676903725e+00, 1.261001102648e-06, 2.5873e+00, 4.7198e-02, 
 2DIAGNOSTIC,    25, -1.340677380562e+00, 1.266495019081e-06, 2.6377e+00, 5.0452e-02, 
 2DIAGNOSTIC,    26, -1.340677022934e+00, 1.217510998686e-06, 2.7021e+00, 6.4330e-02, 
 2DIAGNOSTIC,    27, -1.340677261353e+00, 1.176790419777e-06, 2.7533e+00, 5.1187e-02, 
 2DIAGNOSTIC,    28, -1.340677261353e+00, 1.135451611844e-06, 2.8030e+00, 4.9699e-02, 
 2DIAGNOSTIC,    29, -1.340676903725e+00, 1.096046503335e-06, 2.8502e+00, 4.7241e-02, 
 2DIAGNOSTIC,    30, -1.340676784515e+00, 1.059376472767e-06, 2.8988e+00, 4.8647e-02, 
 2DIAGNOSTIC,    31, -1.340676784515e+00, 1.024406628858e-06, 2.9442e+00, 4.5312e-02, 
DIAGNOSTIC,Iteration,metricValue,convergenceValue,ITERATION_TIME_INDEX,SINCE_LAST
 2DIAGNOSTIC,     1, -1.223849773407e+00, inf, 4.0388e+00, 1.0947e+00, 
 2DIAGNOSTIC,     2, -1.224544167519e+00, inf, 4.2313e+00, 1.9241e-01, 
 2DIAGNOSTIC,     3, -1.224716544151e+00, inf, 4.4664e+00, 2.3516e-01, 
 2DIAGNOSTIC,     4, -1.224772453308e+00, inf, 4.6936e+00, 2.2722e-01, 
 2DIAGNOSTIC,     5, -1.224782943726e+00, inf, 4.8986e+00, 2.0500e-01, 
 2DIAGNOSTIC,     6, -1.224781990051e+00, inf, 5.1289e+00, 2.3024e-01, 
 2DIAGNOSTIC,     7, -1.224780201912e+00, inf, 5.3232e+00, 1.9435e-01, 
 2DIAGNOSTIC,     8, -1.224779844284e+00, inf, 5.5197e+00, 1.9646e-01, 
 2DIAGNOSTIC,     9, -1.224780201912e+00, inf, 5.7694e+00, 2.4967e-01, 
 2DIAGNOSTIC,    10, -1.224779725075e+00, 3.065983037231e-05, 5.9717e+00, 2.0238e-01, 
 2DIAGNOSTIC,    11, -1.224780082703e+00, 9.111673534790e-06, 6.1689e+00, 1.9721e-01, 
 2DIAGNOSTIC,    12, -1.224776983261e+00, 3.887778348144e-06, 6.3777e+00, 2.0879e-01, 
 2DIAGNOSTIC,    13, -1.224775791168e+00, 2.386920868958e-06, 6.5763e+00, 1.9856e-01, 
 2DIAGNOSTIC,    14, -1.224775314331e+00, 2.019144858423e-06, 6.7808e+00, 2.0447e-01, 
 2DIAGNOSTIC,    15, -1.224775552750e+00, 1.888795736704e-06, 6.9840e+00, 2.0327e-01, 
 2DIAGNOSTIC,    16, -1.224775552750e+00, 1.782593813004e-06, 7.1816e+00, 1.9754e-01, 
 2DIAGNOSTIC,    17, -1.224775671959e+00, 1.685818915576e-06, 7.3858e+00, 2.0422e-01, 
 2DIAGNOSTIC,    18, -1.224775791168e+00, 1.614164034436e-06, 7.5797e+00, 1.9391e-01, 
 2DIAGNOSTIC,    19, -1.224776029587e+00, 1.571243956278e-06, 7.7787e+00, 1.9898e-01, 
 2DIAGNOSTIC,    20, -1.224776029587e+00, 1.535814817544e-06, 8.0051e+00, 2.2644e-01, 
 2DIAGNOSTIC,    21, -1.224775910378e+00, 1.512271865067e-06, 8.2140e+00, 2.0885e-01, 
 2DIAGNOSTIC,    22, -1.224775791168e+00, 1.457548933104e-06, 8.4177e+00, 2.0368e-01, 
 2DIAGNOSTIC,    23, -1.224775671959e+00, 1.393423758600e-06, 8.6224e+00, 2.0476e-01, 
 2DIAGNOSTIC,    24, -1.224775552750e+00, 1.327821337327e-06, 8.8282e+00, 2.0579e-01, 
 2DIAGNOSTIC,    25, -1.224775671959e+00, 1.270593315894e-06, 9.0375e+00, 2.0935e-01, 
 2DIAGNOSTIC,    26, -1.224775552750e+00, 1.216856276187e-06, 9.2373e+00, 1.9971e-01, 
 2DIAGNOSTIC,    27, -1.224775552750e+00, 1.168795847661e-06, 9.4352e+00, 1.9799e-01, 
 2DIAGNOSTIC,    28, -1.224775671959e+00, 1.126985807787e-06, 9.6496e+00, 2.1434e-01, 
 2DIAGNOSTIC,    29, -1.224775433540e+00, 1.088866952159e-06, 9.8539e+00, 2.0429e-01, 
 2DIAGNOSTIC,    30, -1.224775314331e+00, 1.053185428646e-06, 1.0058e+01, 2.0399e-01, 
 2DIAGNOSTIC,    31, -1.224775314331e+00, 1.019623709908e-06, 1.0256e+01, 1.9822e-01, 
DIAGNOSTIC,Iteration,metricValue,convergenceValue,ITERATION_TIME_INDEX,SINCE_LAST
 2DIAGNOSTIC,     1, -1.045182347298e+00, inf, 1.3364e+01, 3.1082e+00, 
 2DIAGNOSTIC,     2, -1.045553565025e+00, inf, 1.4408e+01, 1.0438e+00, 
 2DIAGNOSTIC,     3, -1.045817732811e+00, inf, 1.5590e+01, 1.1815e+00, 
 2DIAGNOSTIC,     4, -1.046071648598e+00, inf, 1.6787e+01, 1.1974e+00, 
 2DIAGNOSTIC,     5, -1.046353697777e+00, inf, 1.7976e+01, 1.1891e+00, 
 2DIAGNOSTIC,     6, -1.046475529671e+00, inf, 1.9163e+01, 1.1872e+00, 
 2DIAGNOSTIC,     7, -1.046499848366e+00, inf, 2.0470e+01, 1.3068e+00, 
 2DIAGNOSTIC,     8, -1.046513438225e+00, inf, 2.1680e+01, 1.2103e+00, 
 2DIAGNOSTIC,     9, -1.046526551247e+00, inf, 2.3175e+01, 1.4946e+00, 
 2DIAGNOSTIC,    10, -1.046527743340e+00, 8.207200880861e-05, 2.4348e+01, 1.1734e+00, 
 2DIAGNOSTIC,    11, -1.046527385712e+00, 5.209005394136e-05, 2.5526e+01, 1.1772e+00, 
 2DIAGNOSTIC,    12, -1.046526551247e+00, 3.106674557785e-05, 2.6696e+01, 1.1702e+00, 
 2DIAGNOSTIC,    13, -1.046526432037e+00, 1.618420355953e-05, 2.7883e+01, 1.1874e+00, 
 2DIAGNOSTIC,    14, -1.046526432037e+00, 6.981037586229e-06, 2.9190e+01, 1.3067e+00, 
 2DIAGNOSTIC,    15, -1.046526432037e+00, 3.627679006968e-06, 3.0233e+01, 1.0430e+00, 
 2DIAGNOSTIC,    16, -1.046525955200e+00, 2.610328920127e-06, 3.1731e+01, 1.4979e+00, 
 2DIAGNOSTIC,    17, -1.046526551247e+00, 2.050629746009e-06, 3.3499e+01, 1.7677e+00, 
 2DIAGNOSTIC,    18, -1.046526551247e+00, 1.735854766594e-06, 3.4705e+01, 1.2067e+00, 
 2DIAGNOSTIC,    19, -1.046526551247e+00, 1.643877340030e-06, 3.5908e+01, 1.2028e+00, 
 2DIAGNOSTIC,    20, -1.046526432037e+00, 1.578650540068e-06, 3.7132e+01, 1.2238e+00, 
 2DIAGNOSTIC,    21, -1.046525955200e+00, 1.510383981440e-06, 3.8338e+01, 1.2061e+00, 
 2DIAGNOSTIC,    22, -1.046526193619e+00, 1.441488620912e-06, 3.9532e+01, 1.1939e+00, 
 2DIAGNOSTIC,    23, -1.046525835991e+00, 1.373099848934e-06, 4.0596e+01, 1.0639e+00, 
 2DIAGNOSTIC,    24, -1.046525716782e+00, 1.310124048359e-06, 4.1764e+01, 1.1684e+00, 
 2DIAGNOSTIC,    25, -1.046525716782e+00, 1.253941718460e-06, 4.2958e+01, 1.1938e+00, 
 2DIAGNOSTIC,    26, -1.046525835991e+00, 1.199923303830e-06, 4.4179e+01, 1.2214e+00, 
 2DIAGNOSTIC,    27, -1.046525359154e+00, 1.153256562247e-06, 4.5368e+01, 1.1883e+00, 
 2DIAGNOSTIC,    28, -1.046525001526e+00, 1.108927904170e-06, 4.6562e+01, 1.1945e+00, 
 2DIAGNOSTIC,    29, -1.046524882317e+00, 1.069223230843e-06, 4.7888e+01, 1.3260e+00, 
 2DIAGNOSTIC,    30, -1.046525001526e+00, 1.034813408296e-06, 4.9092e+01, 1.2038e+00, 
 2DIAGNOSTIC,    31, -1.046525001526e+00, 1.000663246487e-06, 5.0278e+01, 1.1856e+00, 
  Elapsed time (stage 0): 5.1080e+01


Total elapsed time: 5.1082e+01
Registering MT-off to MP2RAGE
All_Command_lines_OK
Using single precision for computations.
  Reading mask(s).
    Registration stage 0
      Fixed mask = /home/tom29/rds/hpc-work/cbbu_BIDS/sub-12/anat/sub-12_mask_centred.nii.gz
 file NULL does not exist . 
      No moving mask
  number of levels = 4
  fixed image: /home/tom29/rds/hpc-work/cbbu_BIDS/sub-12/anat/sub-12_acq-whole_UNI_MP2RAGE_brain_N4_centred.nii.gz
  moving image: /home/tom29/rds/hpc-work/cbbu_BIDS/sub-12/anat/sub-12_acq-LC_mt-off_MTS_N4_centred.nii.gz
Dimension = 3
Number of stages = 1
Use histogram matching = false
Winsorize image intensities = true
  Lower quantile = 0.005
  Upper quantile = 0.995


Stage 1 State
   Image metric = MattesMI
     Fixed image = Image (0x3f089e0)
  RTTI typeinfo:   itk::Image<float, 3u>
  Reference Count: 2
  Modified Time: 1519
  Debug: Off
  Object Name: 
  Observers: 
    none
  Source: (none)
  Source output name: (none)
  Release Data: Off
  Data Released: False
  Global Release Data: Off
  PipelineMTime: 0
  UpdateMTime: 1128
  RealTimeStamp: 0 seconds 
  LargestPossibleRegion: 
    Dimension: 3
    Index: [0, 0, 0]
    Size: [224, 300, 320]
  BufferedRegion: 
    Dimension: 3
    Index: [0, 0, 0]
    Size: [224, 300, 320]
  RequestedRegion: 
    Dimension: 3
    Index: [0, 0, 0]
    Size: [224, 300, 320]
  Spacing: [0.75, 0.75, 0.75]
  Origin: [83.277, 149.607, -71.3524]
  Direction: 
-0.999979 0.00478487 -0.00441527
-0.00297144 -0.938811 -0.34442
-0.00579311 -0.344399 0.938805

  IndexToPointMatrix: 
-0.749984 0.00358865 -0.00331145
-0.00222858 -0.704108 -0.258315
-0.00434483 -0.258299 0.704104

  PointToIndexMatrix: 
-1.3333 -0.00396192 -0.00772414
0.00637982 -1.25175 -0.459199
-0.00588703 -0.459226 1.25174

  Inverse Direction: 
-0.999979 -0.00297144 -0.00579311
0.00478487 -0.938811 -0.344399
-0.00441527 -0.34442 0.938805

  PixelContainer: 
    ImportImageContainer (0x3ef7b40)
      RTTI typeinfo:   itk::ImportImageContainer<unsigned long, float>
      Reference Count: 1
      Modified Time: 1125
      Debug: Off
      Object Name: 
      Observers: 
        none
      Pointer: 0x15551a0b8010
      Container manages memory: true
      Size: 21504000
      Capacity: 21504000

     Moving image = Image (0x3f13a40)
  RTTI typeinfo:   itk::Image<float, 3u>
  Reference Count: 2
  Modified Time: 1520
  Debug: Off
  Object Name: 
  Observers: 
    none
  Source: (none)
  Source output name: (none)
  Release Data: Off
  Data Released: False
  Global Release Data: Off
  PipelineMTime: 0
  UpdateMTime: 1517
  RealTimeStamp: 0 seconds 
  LargestPossibleRegion: 
    Dimension: 3
    Index: [0, 0, 0]
    Size: [448, 448, 112]
  BufferedRegion: 
    Dimension: 3
    Index: [0, 0, 0]
    Size: [448, 448, 112]
  RequestedRegion: 
    Dimension: 3
    Index: [0, 0, 0]
    Size: [448, 448, 112]
  Spacing: [0.428571, 0.428571, 0.5]
  Origin: [94.3837, 118.401, -17.8601]
  Direction: 
-0.999989 -0.00074895 -0.00467528
0.00207947 -0.956556 -0.29154
-0.00425382 -0.291546 0.956547

  IndexToPointMatrix: 
-0.428567 -0.000320979 -0.00233764
0.0008912 -0.409953 -0.14577
-0.00182307 -0.124948 0.478274

  PointToIndexMatrix: 
-2.33331 0.00485209 -0.00992558
-0.00174755 -2.23197 -0.680275
-0.00935056 -0.58308 1.91309

  Inverse Direction: 
-0.999989 0.00207947 -0.00425382
-0.00074895 -0.956556 -0.291546
-0.00467528 -0.29154 0.956547

  PixelContainer: 
    ImportImageContainer (0x3f0bcc0)
      RTTI typeinfo:   itk::ImportImageContainer<unsigned long, float>
      Reference Count: 1
      Modified Time: 1514
      Debug: Off
      Object Name: 
      Observers: 
        none
      Pointer: 0x155514af7010
      Container manages memory: true
      Size: 22478848
      Capacity: 22478848

     Weighting = 1
     Sampling strategy = regular
     Number of bins = 32
     Radius = 4
     Sampling percentage  = 0.25
   Transform = Rigid
     Gradient step = 0.1
     Update field sigma (voxel space) = 0
     Total field sigma (voxel space) = 0
     Update field time sigma = 0
     Total field time sigma  = 0
     Number of time indices = 0
     Number of time point samples = 0
Registration using 1 total stages.

Stage 0
  iterations = 1000x500x250x100
  convergence threshold = 1e-06
  convergence window size = 10
  number of levels = 4
  using the Mattes MI metric (number of bins = 32, weight = 1, use gradient filter = 0)
  preprocessing:  winsorizing the image intensities
  Shrink factors (level 1 out of 4): [8, 8, 8]
  Shrink factors (level 2 out of 4): [4, 4, 4]
  Shrink factors (level 3 out of 4): [2, 2, 2]
  Shrink factors (level 4 out of 4): [1, 1, 1]
  smoothing sigmas per level: [3, 2, 1, 0]
  regular sampling (percentage = 0.25)

*** Running Euler3DTransform registration ***

DIAGNOSTIC,Iteration,metricValue,convergenceValue,ITERATION_TIME_INDEX,SINCE_LAST
 2DIAGNOSTIC,     1, -2.461208254099e-01, inf, 5.7840e-01, 5.7840e-01, 
 2DIAGNOSTIC,     2, -2.470983415842e-01, inf, 5.7896e-01, 5.5695e-04, 
 2DIAGNOSTIC,     3, -2.474394887686e-01, inf, 5.7953e-01, 5.6601e-04, 
 2DIAGNOSTIC,     4, -2.522796988487e-01, inf, 5.8026e-01, 7.3504e-04, 
 2DIAGNOSTIC,     5, -2.589018940926e-01, inf, 5.8099e-01, 7.2908e-04, 
 2DIAGNOSTIC,     6, -2.601868212223e-01, inf, 5.8153e-01, 5.3906e-04, 
 2DIAGNOSTIC,     7, -2.613060474396e-01, inf, 5.8217e-01, 6.4492e-04, 
 2DIAGNOSTIC,     8, -2.613614499569e-01, inf, 5.8271e-01, 5.3811e-04, 
 2DIAGNOSTIC,     9, -2.615132033825e-01, inf, 5.8336e-01, 6.4802e-04, 
 2DIAGNOSTIC,    10, -2.615782320499e-01, 4.697998985648e-03, 5.8416e-01, 7.9703e-04, 
 2DIAGNOSTIC,    11, -2.618916332722e-01, 3.526863176376e-03, 5.8497e-01, 8.0800e-04, 
 2DIAGNOSTIC,    12, -2.655434012413e-01, 2.674872288480e-03, 5.8584e-01, 8.6999e-04, 
 2DIAGNOSTIC,    13, -2.665726542473e-01, 1.820773235522e-03, 5.8682e-01, 9.8300e-04, 
 2DIAGNOSTIC,    14, -2.688103914261e-01, 1.471841009334e-03, 5.8771e-01, 8.8978e-04, 
 2DIAGNOSTIC,    15, -2.693239450455e-01, 1.557287876494e-03, 5.8840e-01, 6.9118e-04, 
 2DIAGNOSTIC,    16, -2.694367766380e-01, 1.583562465385e-03, 5.8910e-01, 7.0310e-04, 
 2DIAGNOSTIC,    17, -2.695703506470e-01, 1.540042925626e-03, 5.8989e-01, 7.8511e-04, 
 2DIAGNOSTIC,    18, -2.717659175396e-01, 1.493215211667e-03, 5.9068e-01, 7.9012e-04, 
 2DIAGNOSTIC,    19, -2.727119624615e-01, 1.373715582304e-03, 5.9147e-01, 7.8797e-04, 
 2DIAGNOSTIC,    20, -2.744147479534e-01, 1.236726879142e-03, 5.9234e-01, 8.7619e-04, 
 2DIAGNOSTIC,    21, -2.748351991177e-01, 1.033062231727e-03, 5.9314e-01, 8.0204e-04, 
 2DIAGNOSTIC,    22, -2.749973237514e-01, 9.404583252035e-04, 5.9385e-01, 7.0810e-04, 
 2DIAGNOSTIC,    23, -2.752442955971e-01, 8.250201353803e-04, 5.9456e-01, 7.0405e-04, 
 2DIAGNOSTIC,    24, -2.753807604313e-01, 7.470104610547e-04, 5.9525e-01, 6.9594e-04, 
 2DIAGNOSTIC,    25, -2.761334180832e-01, 6.599278422073e-04, 5.9619e-01, 9.3579e-04, 
 2DIAGNOSTIC,    26, -2.767158150673e-01, 5.468921735883e-04, 5.9718e-01, 9.9397e-04, 
 2DIAGNOSTIC,    27, -2.767569422722e-01, 3.968123637605e-04, 5.9798e-01, 7.9799e-04, 
 2DIAGNOSTIC,    28, -2.769736647606e-01, 3.130763943773e-04, 5.9870e-01, 7.1883e-04, 
 2DIAGNOSTIC,    29, -2.767711877823e-01, 2.316679601790e-04, 5.9944e-01, 7.4291e-04, 
 2DIAGNOSTIC,    30, -2.767918109894e-01, 1.948378194356e-04, 6.0015e-01, 7.0691e-04, 
 2DIAGNOSTIC,    31, -2.768858671188e-01, 1.593953784322e-04, 6.0097e-01, 8.2397e-04, 
 2DIAGNOSTIC,    32, -2.770807743073e-01, 1.230204361491e-04, 6.0168e-01, 7.0596e-04, 
 2DIAGNOSTIC,    33, -2.766476869583e-01, 7.162881956901e-05, 6.0250e-01, 8.2183e-04, 
 2DIAGNOSTIC,    34, -2.779684364796e-01, 6.223231321201e-05, 6.0329e-01, 7.9393e-04, 
 2DIAGNOSTIC,    35, -2.826304733753e-01, 2.096822281601e-04, 6.0435e-01, 1.0531e-03, 
 2DIAGNOSTIC,    36, -2.812007367611e-01, 3.000969591085e-04, 6.0513e-01, 7.8607e-04, 
 2DIAGNOSTIC,    37, -2.803631722927e-01, 3.373647341505e-04, 6.0609e-01, 9.6011e-04, 
 2DIAGNOSTIC,    38, -2.803632318974e-01, 3.491474781185e-04, 6.0696e-01, 8.6594e-04, 
 2DIAGNOSTIC,    39, -2.803634405136e-01, 3.198462363798e-04, 6.0775e-01, 7.9393e-04, 
 2DIAGNOSTIC,    40, -2.803635895252e-01, 2.596077392809e-04, 6.0862e-01, 8.7190e-04, 
 2DIAGNOSTIC,    41, -2.803635299206e-01, 1.806798391044e-04, 6.0939e-01, 7.6818e-04, 
 2DIAGNOSTIC,    42, -2.803635001183e-01, 9.645948739490e-05, 6.1019e-01, 7.9298e-04, 
DIAGNOSTIC,Iteration,metricValue,convergenceValue,ITERATION_TIME_INDEX,SINCE_LAST
 2DIAGNOSTIC,     1, -7.993252575397e-02, inf, 1.2113e+00, 6.0110e-01, 
 2DIAGNOSTIC,     2, -8.178400248289e-02, inf, 1.2139e+00, 2.6069e-03, 
 2DIAGNOSTIC,     3, -8.285061269999e-02, inf, 1.2161e+00, 2.1741e-03, 
 2DIAGNOSTIC,     4, -8.296786248684e-02, inf, 1.2186e+00, 2.4939e-03, 
 2DIAGNOSTIC,     5, -8.341850340366e-02, inf, 1.2211e+00, 2.5001e-03, 
 2DIAGNOSTIC,     6, -8.326649665833e-02, inf, 1.2235e+00, 2.4731e-03, 
 2DIAGNOSTIC,     7, -8.362241834402e-02, inf, 1.2260e+00, 2.4991e-03, 
 2DIAGNOSTIC,     8, -8.375294506550e-02, inf, 1.2284e+00, 2.4080e-03, 
 2DIAGNOSTIC,     9, -8.378215879202e-02, inf, 1.2309e+00, 2.4450e-03, 
 2DIAGNOSTIC,    10, -8.380647003651e-02, 2.242584712803e-03, 1.2332e+00, 2.3110e-03, 
 2DIAGNOSTIC,    11, -8.373408764601e-02, 1.114901388064e-03, 1.2355e+00, 2.2840e-03, 
 2DIAGNOSTIC,    12, -8.372984081507e-02, 5.967375473119e-04, 1.2377e+00, 2.2540e-03, 
 2DIAGNOSTIC,    13, -8.390942960978e-02, 4.318824794609e-04, 1.2404e+00, 2.6460e-03, 
 2DIAGNOSTIC,    14, -8.411165326834e-02, 3.257228527218e-04, 1.2437e+00, 3.3588e-03, 
 2DIAGNOSTIC,    15, -8.400005847216e-02, 2.831061719917e-04, 1.2460e+00, 2.2650e-03, 
 2DIAGNOSTIC,    16, -8.403211086988e-02, 1.948530698428e-04, 1.2483e+00, 2.2960e-03, 
 2DIAGNOSTIC,    17, -8.396581560373e-02, 1.569746382302e-04, 1.2505e+00, 2.2321e-03, 
 2DIAGNOSTIC,    18, -8.394281566143e-02, 1.284269819735e-04, 1.2541e+00, 3.5970e-03, 
 2DIAGNOSTIC,    19, -8.396029472351e-02, 9.866303298622e-05, 1.2564e+00, 2.2860e-03, 
 2DIAGNOSTIC,    20, -8.387507498264e-02, 5.321234493749e-05, 1.2587e+00, 2.2829e-03, 
 2DIAGNOSTIC,    21, -8.390393108130e-02, 1.541525875837e-06, 1.2610e+00, 2.2480e-03, 
DIAGNOSTIC,Iteration,metricValue,convergenceValue,ITERATION_TIME_INDEX,SINCE_LAST
 2DIAGNOSTIC,     1, -3.327552974224e-02, inf, 2.0047e+00, 7.4374e-01, 
 2DIAGNOSTIC,     2, -3.360277041793e-02, inf, 2.0207e+00, 1.5986e-02, 
 2DIAGNOSTIC,     3, -3.404423967004e-02, inf, 2.0364e+00, 1.5743e-02, 
 2DIAGNOSTIC,     4, -3.601847216487e-02, inf, 2.0519e+00, 1.5529e-02, 
 2DIAGNOSTIC,     5, -4.705469310284e-02, inf, 2.0814e+00, 2.9469e-02, 
 2DIAGNOSTIC,     6, -4.692955315113e-02, inf, 2.0963e+00, 1.4834e-02, 
 2DIAGNOSTIC,     7, -4.707812890410e-02, inf, 2.1115e+00, 1.5282e-02, 
 2DIAGNOSTIC,     8, -4.731860011816e-02, inf, 2.1261e+00, 1.4580e-02, 
 2DIAGNOSTIC,     9, -4.739611595869e-02, inf, 2.1409e+00, 1.4816e-02, 
 2DIAGNOSTIC,    10, -4.750615730882e-02, 2.755880914629e-02, 2.1582e+00, 1.7251e-02, 
 2DIAGNOSTIC,    11, -4.752999544144e-02, 2.055523917079e-02, 2.1797e+00, 2.1531e-02, 
 2DIAGNOSTIC,    12, -4.753424599767e-02, 1.330641377717e-02, 2.1972e+00, 1.7467e-02, 
 2DIAGNOSTIC,    13, -4.761576652527e-02, 6.389891728759e-03, 2.2123e+00, 1.5125e-02, 
 2DIAGNOSTIC,    14, -4.767562448978e-02, 7.740093278699e-04, 2.2293e+00, 1.6950e-02, 
 2DIAGNOSTIC,    15, -4.769584909081e-02, 6.781222764403e-04, 2.2469e+00, 1.7598e-02, 
 2DIAGNOSTIC,    16, -4.772021993995e-02, 4.931853618473e-04, 2.2613e+00, 1.4498e-02, 
 2DIAGNOSTIC,    17, -4.782631248236e-02, 3.811000788119e-04, 2.2762e+00, 1.4831e-02, 
 2DIAGNOSTIC,    18, -4.789950698614e-02, 3.570840635803e-04, 2.2910e+00, 1.4781e-02, 
 2DIAGNOSTIC,    19, -4.799215868115e-02, 3.583330835681e-04, 2.3058e+00, 1.4791e-02, 
 2DIAGNOSTIC,    20, -4.814191162586e-02, 4.086178378202e-04, 2.3227e+00, 1.6954e-02, 
 2DIAGNOSTIC,    21, -4.822720587254e-02, 4.484457604121e-04, 2.3420e+00, 1.9323e-02, 
 2DIAGNOSTIC,    22, -4.831028729677e-02, 4.670119378716e-04, 2.3750e+00, 3.3015e-02, 
 2DIAGNOSTIC,    23, -4.830034822226e-02, 4.594169149641e-04, 2.3946e+00, 1.9607e-02, 
 2DIAGNOSTIC,    24, -4.831675440073e-02, 4.299914871808e-04, 2.4118e+00, 1.7132e-02, 
 2DIAGNOSTIC,    25, -4.830100014806e-02, 3.638744237833e-04, 2.4289e+00, 1.7070e-02, 
 2DIAGNOSTIC,    26, -4.828511551023e-02, 2.705588412937e-04, 2.4436e+00, 1.4737e-02, 
 2DIAGNOSTIC,    27, -4.826659336686e-02, 1.794374984456e-04, 2.4587e+00, 1.5068e-02, 
 2DIAGNOSTIC,    28, -4.825789108872e-02, 9.275736374548e-05, 2.4752e+00, 1.6547e-02, 
 2DIAGNOSTIC,    29, -4.825202748179e-02, 2.174163091695e-05, 2.4903e+00, 1.5094e-02, 
DIAGNOSTIC,Iteration,metricValue,convergenceValue,ITERATION_TIME_INDEX,SINCE_LAST
 2DIAGNOSTIC,     1, -3.328954800963e-02, inf, 4.0100e+00, 1.5197e+00, 
 2DIAGNOSTIC,     2, -3.348194807768e-02, inf, 4.1276e+00, 1.1759e-01, 
 2DIAGNOSTIC,     3, -3.349458053708e-02, inf, 4.2210e+00, 9.3450e-02, 
 2DIAGNOSTIC,     4, -3.350586444139e-02, inf, 4.3177e+00, 9.6688e-02, 
 2DIAGNOSTIC,     5, -3.352493792772e-02, inf, 4.4154e+00, 9.7680e-02, 
 2DIAGNOSTIC,     6, -3.360255807638e-02, inf, 4.5132e+00, 9.7816e-02, 
 2DIAGNOSTIC,     7, -3.372558578849e-02, inf, 4.6226e+00, 1.0942e-01, 
 2DIAGNOSTIC,     8, -3.387331962585e-02, inf, 4.7670e+00, 1.4434e-01, 
 2DIAGNOSTIC,     9, -3.392309322953e-02, inf, 4.8612e+00, 9.4248e-02, 
 2DIAGNOSTIC,    10, -3.393452987075e-02, 1.196019700728e-03, 4.9609e+00, 9.9715e-02, 
 2DIAGNOSTIC,    11, -3.401469811797e-02, 1.071835635230e-03, 5.0896e+00, 1.2863e-01, 
 2DIAGNOSTIC,    12, -3.401627764106e-02, 1.006170758046e-03, 5.1874e+00, 9.7823e-02, 
 2DIAGNOSTIC,    13, -3.405847027898e-02, 8.950506453402e-04, 5.3315e+00, 1.4416e-01, 
 2DIAGNOSTIC,    14, -3.405207023025e-02, 7.225300651044e-04, 5.4290e+00, 9.7428e-02, 
 2DIAGNOSTIC,    15, -3.406105190516e-02, 5.241763428785e-04, 5.5246e+00, 9.5621e-02, 
 2DIAGNOSTIC,    16, -3.408354520798e-02, 3.545439976733e-04, 5.6244e+00, 9.9813e-02, 
 2DIAGNOSTIC,    17, -3.409854695201e-02, 2.385804982623e-04, 5.7241e+00, 9.9721e-02, 
 2DIAGNOSTIC,    18, -3.418464213610e-02, 2.225497737527e-04, 5.9185e+00, 1.9437e-01, 
 2DIAGNOSTIC,    19, -3.419741243124e-02, 2.148224448320e-04, 6.0757e+00, 1.5722e-01, 
 2DIAGNOSTIC,    20, -3.419264405966e-02, 1.905072567752e-04, 6.1861e+00, 1.1038e-01, 
 2DIAGNOSTIC,    21, -3.419055417180e-02, 1.827606465667e-04, 6.2827e+00, 9.6602e-02, 
 2DIAGNOSTIC,    22, -3.419002890587e-02, 1.586049766047e-04, 6.4275e+00, 1.4479e-01, 
 2DIAGNOSTIC,    23, -3.418866544962e-02, 1.363901392324e-04, 6.5404e+00, 1.1287e-01, 
 2DIAGNOSTIC,    24, -3.418845310807e-02, 1.009903935483e-04, 6.6557e+00, 1.1535e-01, 
 2DIAGNOSTIC,    25, -3.418703749776e-02, 6.194657180458e-05, 6.7672e+00, 1.1152e-01, 
 2DIAGNOSTIC,    26, -3.418763726950e-02, 2.794720603561e-05, 6.8825e+00, 1.1526e-01, 
  Elapsed time (stage 0): 7.1656e+00


Total elapsed time: 7.1672e+00
Transforming MT-off to MNI
Transforming MT-on to MNI
