Loading spm/spm12
  Loading requirement: matlab/r2019a
Non-commercial use only - see $FSLDIR/LICENSE
N4 bias corrrection
Centring images
MATLAB is selecting SOFTWARE OPENGL rendering.

Written new image at:
	/home/tom29/rds/hpc-work/cbbu_BIDS/sub-34/anat/sub-34_acq-LC_mt-on_MTS_N4_centred.nii

MATLAB is selecting SOFTWARE OPENGL rendering.

Written new image at:
	/home/tom29/rds/hpc-work/cbbu_BIDS/sub-34/anat/sub-34_acq-LC_mt-off_MTS_N4_centred.nii

Registering MT-on to MT-off
All_Command_lines_OK
Using single precision for computations.
  number of levels = 4
  fixed image: /home/tom29/rds/hpc-work/cbbu_BIDS/sub-34/anat/sub-34_acq-LC_mt-off_MTS_N4_centred.nii.gz
  moving image: /home/tom29/rds/hpc-work/cbbu_BIDS/sub-34/anat/sub-34_acq-LC_mt-on_MTS_N4_centred.nii.gz
Dimension = 3
Number of stages = 1
Use histogram matching = false
Winsorize image intensities = true
  Lower quantile = 0.005
  Upper quantile = 0.995


Stage 1 State
   Image metric = MattesMI
     Fixed image = Image (0x3de03c0)
  RTTI typeinfo:   itk::Image<float, 3u>
  Reference Count: 2
  Modified Time: 1076
  Debug: Off
  Object Name: 
  Observers: 
    none
  Source: (none)
  Source output name: (none)
  Release Data: Off
  Data Released: False
  Global Release Data: Off
  PipelineMTime: 0
  UpdateMTime: 685
  RealTimeStamp: 0 seconds 
  LargestPossibleRegion: 
    Dimension: 3
    Index: [0, 0, 0]
    Size: [448, 448, 112]
  BufferedRegion: 
    Dimension: 3
    Index: [0, 0, 0]
    Size: [448, 448, 112]
  RequestedRegion: 
    Dimension: 3
    Index: [0, 0, 0]
    Size: [448, 448, 112]
  Spacing: [0.428571, 0.428571, 0.5]
  Origin: [96.0116, 115.715, -15.9464]
  Direction: 
-0.999609 -0.00530318 0.0274705
-0.00566439 -0.923175 -0.384337
0.0273983 -0.384342 0.922784

  IndexToPointMatrix: 
-0.428404 -0.00227279 0.0137353
-0.0024276 -0.395647 -0.192169
0.0117421 -0.164718 0.461392

  PointToIndexMatrix: 
-2.33242 -0.0132169 0.0639294
-0.0123741 -2.15408 -0.896799
0.054941 -0.768674 1.84557

  Inverse Direction: 
-0.999609 -0.00566439 0.0273983
-0.00530318 -0.923175 -0.384342
0.0274705 -0.384337 0.922784

  PixelContainer: 
    ImportImageContainer (0x3dcc890)
      RTTI typeinfo:   itk::ImportImageContainer<unsigned long, float>
      Reference Count: 1
      Modified Time: 682
      Debug: Off
      Object Name: 
      Observers: 
        none
      Pointer: 0x154b53c16010
      Container manages memory: true
      Size: 22478848
      Capacity: 22478848

     Moving image = Image (0x3de3b60)
  RTTI typeinfo:   itk::Image<float, 3u>
  Reference Count: 2
  Modified Time: 1077
  Debug: Off
  Object Name: 
  Observers: 
    none
  Source: (none)
  Source output name: (none)
  Release Data: Off
  Data Released: False
  Global Release Data: Off
  PipelineMTime: 0
  UpdateMTime: 1074
  RealTimeStamp: 0 seconds 
  LargestPossibleRegion: 
    Dimension: 3
    Index: [0, 0, 0]
    Size: [448, 448, 112]
  BufferedRegion: 
    Dimension: 3
    Index: [0, 0, 0]
    Size: [448, 448, 112]
  RequestedRegion: 
    Dimension: 3
    Index: [0, 0, 0]
    Size: [448, 448, 112]
  Spacing: [0.428571, 0.428571, 0.5]
  Origin: [96.0116, 115.715, -15.9464]
  Direction: 
-0.999609 -0.00530318 0.0274705
-0.00566439 -0.923175 -0.384337
0.0273983 -0.384342 0.922784

  IndexToPointMatrix: 
-0.428404 -0.00227279 0.0137353
-0.0024276 -0.395647 -0.192169
0.0117421 -0.164718 0.461392

  PointToIndexMatrix: 
-2.33242 -0.0132169 0.0639294
-0.0123741 -2.15408 -0.896799
0.054941 -0.768674 1.84557

  Inverse Direction: 
-0.999609 -0.00566439 0.0273983
-0.00530318 -0.923175 -0.384342
0.0274705 -0.384337 0.922784

  PixelContainer: 
    ImportImageContainer (0x3de3b00)
      RTTI typeinfo:   itk::ImportImageContainer<unsigned long, float>
      Reference Count: 1
      Modified Time: 1071
      Debug: Off
      Object Name: 
      Observers: 
        none
      Pointer: 0x154b4e655010
      Container manages memory: true
      Size: 22478848
      Capacity: 22478848

     Weighting = 1
     Sampling strategy = regular
     Number of bins = 32
     Radius = 4
     Sampling percentage  = 0.25
   Transform = Rigid
     Gradient step = 0.1
     Update field sigma (voxel space) = 0
     Total field sigma (voxel space) = 0
     Update field time sigma = 0
     Total field time sigma  = 0
     Number of time indices = 0
     Number of time point samples = 0
Registration using 1 total stages.

Stage 0
  iterations = 1000x500x250x100
  convergence threshold = 1e-06
  convergence window size = 10
  number of levels = 4
  using the Mattes MI metric (number of bins = 32, weight = 1, use gradient filter = 0)
  preprocessing:  winsorizing the image intensities
  Shrink factors (level 1 out of 4): [8, 8, 7]
  Shrink factors (level 2 out of 4): [4, 4, 3]
  Shrink factors (level 3 out of 4): [2, 2, 2]
  Shrink factors (level 4 out of 4): [1, 1, 1]
  smoothing sigmas per level: [3, 2, 1, 0]
  regular sampling (percentage = 0.25)

*** Running Euler3DTransform registration ***

DIAGNOSTIC,Iteration,metricValue,convergenceValue,ITERATION_TIME_INDEX,SINCE_LAST
 2DIAGNOSTIC,     1, -1.474205136299e+00, inf, 6.3230e-01, 6.3230e-01, 
 2DIAGNOSTIC,     2, -1.489051938057e+00, inf, 6.3639e-01, 4.0870e-03, 
 2DIAGNOSTIC,     3, -1.495823383331e+00, inf, 6.4045e-01, 4.0600e-03, 
 2DIAGNOSTIC,     4, -1.497192382812e+00, inf, 6.4396e-01, 3.5069e-03, 
 2DIAGNOSTIC,     5, -1.498622417450e+00, inf, 6.4845e-01, 4.4909e-03, 
 2DIAGNOSTIC,     6, -1.499315857887e+00, inf, 6.5286e-01, 4.4141e-03, 
 2DIAGNOSTIC,     7, -1.499674916267e+00, inf, 6.5763e-01, 4.7710e-03, 
 2DIAGNOSTIC,     8, -1.499857068062e+00, inf, 6.6192e-01, 4.2841e-03, 
 2DIAGNOSTIC,     9, -1.499874472618e+00, inf, 6.6594e-01, 4.0221e-03, 
 2DIAGNOSTIC,    10, -1.499866366386e+00, 7.486322429031e-04, 6.7020e-01, 4.2570e-03, 
 2DIAGNOSTIC,    11, -1.499892354012e+00, 2.946720051114e-04, 6.7443e-01, 4.2369e-03, 
 2DIAGNOSTIC,    12, -1.499904632568e+00, 1.230348570971e-04, 6.7815e-01, 3.7172e-03, 
 2DIAGNOSTIC,    13, -1.499916672707e+00, 6.588039104827e-05, 6.8237e-01, 4.2250e-03, 
 2DIAGNOSTIC,    14, -1.500031709671e+00, 3.090476093348e-05, 6.8701e-01, 4.6380e-03, 
 2DIAGNOSTIC,    15, -1.499988555908e+00, 1.534728835395e-05, 6.9149e-01, 4.4808e-03, 
 2DIAGNOSTIC,    16, -1.500050067902e+00, 9.418836270925e-06, 6.9576e-01, 4.2708e-03, 
 2DIAGNOSTIC,    17, -1.500054001808e+00, 7.492773875128e-06, 7.0004e-01, 4.2760e-03, 
 2DIAGNOSTIC,    18, -1.500054121017e+00, 7.174287929956e-06, 7.0452e-01, 4.4820e-03, 
 2DIAGNOSTIC,    19, -1.500054359436e+00, 6.564590421476e-06, 7.0896e-01, 4.4410e-03, 
 2DIAGNOSTIC,    20, -1.500054359436e+00, 5.482259894052e-06, 7.1318e-01, 4.2129e-03, 
 2DIAGNOSTIC,    21, -1.500054121017e+00, 4.380635346024e-06, 7.1823e-01, 5.0590e-03, 
 2DIAGNOSTIC,    22, -1.500053882599e+00, 3.216228151359e-06, 7.2264e-01, 4.4022e-03, 
 2DIAGNOSTIC,    23, -1.500053882599e+00, 2.063757619908e-06, 7.2667e-01, 4.0321e-03, 
 2DIAGNOSTIC,    24, -1.500054478645e+00, 1.873959263321e-06, 7.3309e-01, 6.4230e-03, 
 2DIAGNOSTIC,    25, -1.500054359436e+00, 1.306481749452e-06, 7.3759e-01, 4.4940e-03, 
 2DIAGNOSTIC,    26, -1.500054240227e+00, 1.226912331731e-06, 7.4149e-01, 3.9029e-03, 
 2DIAGNOSTIC,    27, -1.500054001808e+00, 1.179135097118e-06, 7.4534e-01, 3.8559e-03, 
 2DIAGNOSTIC,    28, -1.500054121017e+00, 1.136368382504e-06, 7.4931e-01, 3.9690e-03, 
 2DIAGNOSTIC,    29, -1.500054001808e+00, 1.097266590477e-06, 7.5280e-01, 3.4831e-03, 
 2DIAGNOSTIC,    30, -1.500054121017e+00, 1.061638954525e-06, 7.5675e-01, 3.9530e-03, 
 2DIAGNOSTIC,    31, -1.500054001808e+00, 1.026210725286e-06, 7.6177e-01, 5.0209e-03, 
DIAGNOSTIC,Iteration,metricValue,convergenceValue,ITERATION_TIME_INDEX,SINCE_LAST
 2DIAGNOSTIC,     1, -1.464446783066e+00, inf, 1.4773e+00, 7.1549e-01, 
 2DIAGNOSTIC,     2, -1.464524984360e+00, inf, 1.5189e+00, 4.1630e-02, 
 2DIAGNOSTIC,     3, -1.464574933052e+00, inf, 1.5612e+00, 4.2289e-02, 
 2DIAGNOSTIC,     4, -1.464647412300e+00, inf, 1.6035e+00, 4.2345e-02, 
 2DIAGNOSTIC,     5, -1.464696407318e+00, inf, 1.6556e+00, 5.2057e-02, 
 2DIAGNOSTIC,     6, -1.464789152145e+00, inf, 1.7196e+00, 6.4057e-02, 
 2DIAGNOSTIC,     7, -1.464790225029e+00, inf, 1.7625e+00, 4.2904e-02, 
 2DIAGNOSTIC,     8, -1.464808344841e+00, inf, 1.8268e+00, 6.4261e-02, 
 2DIAGNOSTIC,     9, -1.464810371399e+00, inf, 1.8756e+00, 4.8754e-02, 
 2DIAGNOSTIC,    10, -1.464806199074e+00, 1.976412204385e-05, 1.9260e+00, 5.0463e-02, 
 2DIAGNOSTIC,    11, -1.464797139168e+00, 1.419977252226e-05, 1.9767e+00, 5.0676e-02, 
 2DIAGNOSTIC,    12, -1.464790940285e+00, 9.714024599816e-06, 2.0235e+00, 4.6810e-02, 
 2DIAGNOSTIC,    13, -1.464793920517e+00, 6.066356036172e-06, 2.0726e+00, 4.9093e-02, 
 2DIAGNOSTIC,    14, -1.464783906937e+00, 3.467650003586e-06, 2.1223e+00, 4.9713e-02, 
 2DIAGNOSTIC,    15, -1.464785933495e+00, 1.740019797580e-06, 2.1705e+00, 4.8158e-02, 
 2DIAGNOSTIC,    16, -1.464787006378e+00, 1.404446948072e-06, 2.2227e+00, 5.2217e-02, 
 2DIAGNOSTIC,    17, -1.464782238007e+00, 1.113008465836e-06, 2.2693e+00, 4.6597e-02, 
 2DIAGNOSTIC,    18, -1.464784026146e+00, 1.137921117333e-06, 2.3204e+00, 5.1075e-02, 
 2DIAGNOSTIC,    19, -1.464785456657e+00, 1.253511982213e-06, 2.3699e+00, 4.9542e-02, 
 2DIAGNOSTIC,    20, -1.464785337448e+00, 1.356325924462e-06, 2.4188e+00, 4.8945e-02, 
 2DIAGNOSTIC,    21, -1.464780092239e+00, 1.339847813142e-06, 2.4695e+00, 5.0657e-02, 
 2DIAGNOSTIC,    22, -1.464780688286e+00, 1.292390038543e-06, 2.5226e+00, 5.3110e-02, 
 2DIAGNOSTIC,    23, -1.464780688286e+00, 1.290502950724e-06, 2.5754e+00, 5.2827e-02, 
 2DIAGNOSTIC,    24, -1.464781165123e+00, 1.218475517817e-06, 2.6259e+00, 5.0422e-02, 
 2DIAGNOSTIC,    25, -1.464775919914e+00, 1.136914079325e-06, 2.6730e+00, 4.7138e-02, 
 2DIAGNOSTIC,    26, -1.464776158333e+00, 1.087322402782e-06, 2.7135e+00, 4.0533e-02, 
 2DIAGNOSTIC,    27, -1.464777827263e+00, 1.031318902278e-06, 2.7626e+00, 4.9030e-02, 
 2DIAGNOSTIC,    28, -1.464777946472e+00, 1.004566001939e-06, 2.8146e+00, 5.2057e-02, 
 2DIAGNOSTIC,    29, -1.464778184891e+00, 1.003126726573e-06, 2.8678e+00, 5.3197e-02, 
 2DIAGNOSTIC,    30, -1.464777946472e+00, 1.010053779282e-06, 2.9164e+00, 4.8539e-02, 
DIAGNOSTIC,Iteration,metricValue,convergenceValue,ITERATION_TIME_INDEX,SINCE_LAST
 2DIAGNOSTIC,     1, -1.389697790146e+00, inf, 4.0305e+00, 1.1141e+00, 
 2DIAGNOSTIC,     2, -1.389788269997e+00, inf, 4.2031e+00, 1.7265e-01, 
 2DIAGNOSTIC,     3, -1.389977693558e+00, inf, 4.3827e+00, 1.7965e-01, 
 2DIAGNOSTIC,     4, -1.390038609505e+00, inf, 4.6622e+00, 2.7948e-01, 
 2DIAGNOSTIC,     5, -1.390061616898e+00, inf, 4.8953e+00, 2.3312e-01, 
 2DIAGNOSTIC,     6, -1.390061140060e+00, inf, 5.1335e+00, 2.3817e-01, 
 2DIAGNOSTIC,     7, -1.390059232712e+00, inf, 5.3145e+00, 1.8096e-01, 
 2DIAGNOSTIC,     8, -1.390060544014e+00, inf, 5.4983e+00, 1.8382e-01, 
 2DIAGNOSTIC,     9, -1.390062093735e+00, inf, 5.7010e+00, 2.0274e-01, 
 2DIAGNOSTIC,    10, -1.390062808990e+00, 1.692024125077e-05, 5.9074e+00, 2.0640e-01, 
 2DIAGNOSTIC,    11, -1.390062928200e+00, 9.670727195044e-06, 6.0880e+00, 1.8055e-01, 
 2DIAGNOSTIC,    12, -1.390066504478e+00, 4.551684469334e-06, 6.3059e+00, 2.1790e-01, 
 2DIAGNOSTIC,    13, -1.390071988106e+00, 3.089180381721e-06, 6.4872e+00, 1.8127e-01, 
 2DIAGNOSTIC,    14, -1.390082955360e+00, 2.814815388774e-06, 6.7004e+00, 2.1321e-01, 
 2DIAGNOSTIC,    15, -1.390087366104e+00, 2.898569391618e-06, 6.9350e+00, 2.3466e-01, 
 2DIAGNOSTIC,    16, -1.390089988708e+00, 2.930156369985e-06, 7.1495e+00, 2.1446e-01, 
 2DIAGNOSTIC,    17, -1.390089869499e+00, 2.847757059499e-06, 7.3690e+00, 2.1949e-01, 
 2DIAGNOSTIC,    18, -1.390090465546e+00, 2.705125780267e-06, 7.5528e+00, 1.8379e-01, 
 2DIAGNOSTIC,    19, -1.390092372894e+00, 2.526096750444e-06, 7.7677e+00, 2.1496e-01, 
 2DIAGNOSTIC,    20, -1.390094041824e+00, 2.309722958671e-06, 7.9492e+00, 1.8151e-01, 
 2DIAGNOSTIC,    21, -1.390095472336e+00, 2.062702606054e-06, 8.1677e+00, 2.1845e-01, 
 2DIAGNOSTIC,    22, -1.390095114708e+00, 1.817335373744e-06, 8.3491e+00, 1.8140e-01, 
 2DIAGNOSTIC,    23, -1.390099644661e+00, 1.645967358854e-06, 8.5629e+00, 2.1382e-01, 
 2DIAGNOSTIC,    24, -1.390100955963e+00, 1.566728883517e-06, 8.7739e+00, 2.1098e-01, 
 2DIAGNOSTIC,    25, -1.390100121498e+00, 1.499634549873e-06, 8.9857e+00, 2.1177e-01, 
 2DIAGNOSTIC,    26, -1.390102267265e+00, 1.454822836422e-06, 9.1976e+00, 2.1198e-01, 
 2DIAGNOSTIC,    27, -1.390102267265e+00, 1.390386955791e-06, 9.4838e+00, 2.8619e-01, 
 2DIAGNOSTIC,    28, -1.390101790428e+00, 1.310832658419e-06, 9.6910e+00, 2.0722e-01, 
 2DIAGNOSTIC,    29, -1.390102148056e+00, 1.236064235854e-06, 9.9341e+00, 2.4302e-01, 
 2DIAGNOSTIC,    30, -1.390102028847e+00, 1.163779757007e-06, 1.0159e+01, 2.2466e-01, 
 2DIAGNOSTIC,    31, -1.390102028847e+00, 1.096155187952e-06, 1.0356e+01, 1.9758e-01, 
 2DIAGNOSTIC,    32, -1.390101909637e+00, 1.022249875859e-06, 1.0555e+01, 1.9851e-01, 
DIAGNOSTIC,Iteration,metricValue,convergenceValue,ITERATION_TIME_INDEX,SINCE_LAST
 2DIAGNOSTIC,     1, -1.263020277023e+00, inf, 1.3522e+01, 2.9670e+00, 
 2DIAGNOSTIC,     2, -1.263260483742e+00, inf, 1.4924e+01, 1.4021e+00, 
 2DIAGNOSTIC,     3, -1.263360500336e+00, inf, 1.6033e+01, 1.1094e+00, 
 2DIAGNOSTIC,     4, -1.263480782509e+00, inf, 1.7454e+01, 1.4207e+00, 
 2DIAGNOSTIC,     5, -1.263561844826e+00, inf, 1.8564e+01, 1.1095e+00, 
 2DIAGNOSTIC,     6, -1.263629913330e+00, inf, 1.9819e+01, 1.2550e+00, 
 2DIAGNOSTIC,     7, -1.263630509377e+00, inf, 2.1245e+01, 1.4260e+00, 
 2DIAGNOSTIC,     8, -1.263630270958e+00, inf, 2.2804e+01, 1.5593e+00, 
 2DIAGNOSTIC,     9, -1.263629913330e+00, inf, 2.4078e+01, 1.2741e+00, 
 2DIAGNOSTIC,    10, -1.263631343842e+00, 3.027225648111e-05, 2.5186e+01, 1.1080e+00, 
 2DIAGNOSTIC,    11, -1.263630867004e+00, 1.810073445085e-05, 2.6610e+01, 1.4240e+00, 
 2DIAGNOSTIC,    12, -1.263631820679e+00, 1.110854827857e-05, 2.8008e+01, 1.3979e+00, 
 2DIAGNOSTIC,    13, -1.263631820679e+00, 6.135435342003e-06, 2.9459e+01, 1.4509e+00, 
 2DIAGNOSTIC,    14, -1.263631463051e+00, 3.440699174462e-06, 3.0918e+01, 1.4589e+00, 
 2DIAGNOSTIC,    15, -1.263631463051e+00, 2.185044195357e-06, 3.2190e+01, 1.2724e+00, 
 2DIAGNOSTIC,    16, -1.263631224632e+00, 2.033605369434e-06, 3.3461e+01, 1.2712e+00, 
 2DIAGNOSTIC,    17, -1.263631105423e+00, 1.902285475808e-06, 3.4731e+01, 1.2698e+00, 
 2DIAGNOSTIC,    18, -1.263631224632e+00, 1.781430796655e-06, 3.5994e+01, 1.2625e+00, 
 2DIAGNOSTIC,    19, -1.263631105423e+00, 1.665945546847e-06, 3.7251e+01, 1.2577e+00, 
 2DIAGNOSTIC,    20, -1.263631463051e+00, 1.583237576597e-06, 3.8526e+01, 1.2753e+00, 
 2DIAGNOSTIC,    21, -1.263631463051e+00, 1.503572889305e-06, 3.9788e+01, 1.2612e+00, 
 2DIAGNOSTIC,    22, -1.263631343842e+00, 1.440739993086e-06, 4.1236e+01, 1.4487e+00, 
 2DIAGNOSTIC,    23, -1.263631224632e+00, 1.382837467645e-06, 4.2490e+01, 1.2535e+00, 
 2DIAGNOSTIC,    24, -1.263631224632e+00, 1.326409687863e-06, 4.3764e+01, 1.2743e+00, 
 2DIAGNOSTIC,    25, -1.263631224632e+00, 1.274394321626e-06, 4.5021e+01, 1.2565e+00, 
 2DIAGNOSTIC,    26, -1.263631105423e+00, 1.223104845849e-06, 4.6295e+01, 1.2742e+00, 
 2DIAGNOSTIC,    27, -1.263631224632e+00, 1.175710281132e-06, 4.7565e+01, 1.2698e+00, 
 2DIAGNOSTIC,    28, -1.263631224632e+00, 1.132936176873e-06, 4.8834e+01, 1.2695e+00, 
 2DIAGNOSTIC,    29, -1.263631105423e+00, 1.091468220693e-06, 5.0005e+01, 1.1704e+00, 
 2DIAGNOSTIC,    30, -1.263630986214e+00, 1.055087750501e-06, 5.1221e+01, 1.2165e+00, 
 2DIAGNOSTIC,    31, -1.263631105423e+00, 1.022459741762e-06, 5.2284e+01, 1.0633e+00, 
  Elapsed time (stage 0): 5.3164e+01


Total elapsed time: 5.3166e+01
Registering MT-off to MP2RAGE
All_Command_lines_OK
Using single precision for computations.
  Reading mask(s).
    Registration stage 0
      Fixed mask = /home/tom29/rds/hpc-work/cbbu_BIDS/sub-34/anat/sub-34_mask_centred.nii.gz
 file NULL does not exist . 
      No moving mask
  number of levels = 4
  fixed image: /home/tom29/rds/hpc-work/cbbu_BIDS/sub-34/anat/sub-34_acq-whole_UNI_MP2RAGE_brain_N4_centred.nii.gz
  moving image: /home/tom29/rds/hpc-work/cbbu_BIDS/sub-34/anat/sub-34_acq-LC_mt-off_MTS_N4_centred.nii.gz
Dimension = 3
Number of stages = 1
Use histogram matching = false
Winsorize image intensities = true
  Lower quantile = 0.005
  Upper quantile = 0.995


Stage 1 State
   Image metric = MattesMI
     Fixed image = Image (0x4ca69e0)
  RTTI typeinfo:   itk::Image<float, 3u>
  Reference Count: 2
  Modified Time: 1519
  Debug: Off
  Object Name: 
  Observers: 
    none
  Source: (none)
  Source output name: (none)
  Release Data: Off
  Data Released: False
  Global Release Data: Off
  PipelineMTime: 0
  UpdateMTime: 1128
  RealTimeStamp: 0 seconds 
  LargestPossibleRegion: 
    Dimension: 3
    Index: [0, 0, 0]
    Size: [224, 300, 320]
  BufferedRegion: 
    Dimension: 3
    Index: [0, 0, 0]
    Size: [224, 300, 320]
  RequestedRegion: 
    Dimension: 3
    Index: [0, 0, 0]
    Size: [224, 300, 320]
  Spacing: [0.75, 0.75, 0.75]
  Origin: [78.8566, 156.726, -64.4507]
  Direction: 
-0.999616 0.00347618 0.0274826
-0.0138592 -0.921762 -0.387507
0.0239854 -0.387739 0.921457

  IndexToPointMatrix: 
-0.749712 0.00260713 0.020612
-0.0103944 -0.691322 -0.29063
0.0179891 -0.290805 0.691093

  PointToIndexMatrix: 
-1.33282 -0.018479 0.0319806
0.0046349 -1.22902 -0.516986
0.0366435 -0.516676 1.22861

  Inverse Direction: 
-0.999616 -0.0138592 0.0239854
0.00347618 -0.921763 -0.387739
0.0274826 -0.387507 0.921457

  PixelContainer: 
    ImportImageContainer (0x4c95b40)
      RTTI typeinfo:   itk::ImportImageContainer<unsigned long, float>
      Reference Count: 1
      Modified Time: 1125
      Debug: Off
      Object Name: 
      Observers: 
        none
      Pointer: 0x150989352010
      Container manages memory: true
      Size: 21504000
      Capacity: 21504000

     Moving image = Image (0x4cb1a40)
  RTTI typeinfo:   itk::Image<float, 3u>
  Reference Count: 2
  Modified Time: 1520
  Debug: Off
  Object Name: 
  Observers: 
    none
  Source: (none)
  Source output name: (none)
  Release Data: Off
  Data Released: False
  Global Release Data: Off
  PipelineMTime: 0
  UpdateMTime: 1517
  RealTimeStamp: 0 seconds 
  LargestPossibleRegion: 
    Dimension: 3
    Index: [0, 0, 0]
    Size: [448, 448, 112]
  BufferedRegion: 
    Dimension: 3
    Index: [0, 0, 0]
    Size: [448, 448, 112]
  RequestedRegion: 
    Dimension: 3
    Index: [0, 0, 0]
    Size: [448, 448, 112]
  Spacing: [0.428571, 0.428571, 0.5]
  Origin: [96.0116, 115.715, -15.9464]
  Direction: 
-0.999609 -0.00530318 0.0274705
-0.00566439 -0.923175 -0.384337
0.0273983 -0.384342 0.922784

  IndexToPointMatrix: 
-0.428404 -0.00227279 0.0137353
-0.0024276 -0.395647 -0.192169
0.0117421 -0.164718 0.461392

  PointToIndexMatrix: 
-2.33242 -0.0132169 0.0639294
-0.0123741 -2.15408 -0.896799
0.054941 -0.768674 1.84557

  Inverse Direction: 
-0.999609 -0.00566439 0.0273983
-0.00530318 -0.923175 -0.384342
0.0274705 -0.384337 0.922784

  PixelContainer: 
    ImportImageContainer (0x4ca9cc0)
      RTTI typeinfo:   itk::ImportImageContainer<unsigned long, float>
      Reference Count: 1
      Modified Time: 1514
      Debug: Off
      Object Name: 
      Observers: 
        none
      Pointer: 0x150983d91010
      Container manages memory: true
      Size: 22478848
      Capacity: 22478848

     Weighting = 1
     Sampling strategy = regular
     Number of bins = 32
     Radius = 4
     Sampling percentage  = 0.25
   Transform = Rigid
     Gradient step = 0.1
     Update field sigma (voxel space) = 0
     Total field sigma (voxel space) = 0
     Update field time sigma = 0
     Total field time sigma  = 0
     Number of time indices = 0
     Number of time point samples = 0
Registration using 1 total stages.

Stage 0
  iterations = 1000x500x250x100
  convergence threshold = 1e-06
  convergence window size = 10
  number of levels = 4
  using the Mattes MI metric (number of bins = 32, weight = 1, use gradient filter = 0)
  preprocessing:  winsorizing the image intensities
  Shrink factors (level 1 out of 4): [8, 8, 8]
  Shrink factors (level 2 out of 4): [4, 4, 4]
  Shrink factors (level 3 out of 4): [2, 2, 2]
  Shrink factors (level 4 out of 4): [1, 1, 1]
  smoothing sigmas per level: [3, 2, 1, 0]
  regular sampling (percentage = 0.25)

*** Running Euler3DTransform registration ***

DIAGNOSTIC,Iteration,metricValue,convergenceValue,ITERATION_TIME_INDEX,SINCE_LAST
 2DIAGNOSTIC,     1, -2.282156199217e-01, inf, 5.3881e-01, 5.3881e-01, 
 2DIAGNOSTIC,     2, -2.357848584652e-01, inf, 5.3942e-01, 6.0797e-04, 
 2DIAGNOSTIC,     3, -2.432195097208e-01, inf, 5.3998e-01, 5.6100e-04, 
 2DIAGNOSTIC,     4, -2.483719736338e-01, inf, 5.4184e-01, 1.8561e-03, 
 2DIAGNOSTIC,     5, -2.483716458082e-01, inf, 5.4238e-01, 5.4097e-04, 
 2DIAGNOSTIC,     6, -2.483739852905e-01, inf, 5.4296e-01, 5.7602e-04, 
 2DIAGNOSTIC,     7, -2.483776658773e-01, inf, 5.4351e-01, 5.4979e-04, 
 2DIAGNOSTIC,     8, -2.483842074871e-01, inf, 5.4405e-01, 5.4812e-04, 
 2DIAGNOSTIC,     9, -2.483948320150e-01, inf, 5.4460e-01, 5.5003e-04, 
 2DIAGNOSTIC,    10, -2.484126091003e-01, 4.051826428622e-03, 5.4536e-01, 7.5483e-04, 
 2DIAGNOSTIC,    11, -2.484420388937e-01, 1.818933058530e-03, 5.4618e-01, 8.1682e-04, 
 2DIAGNOSTIC,    12, -2.484614551067e-01, 5.186743801460e-04, 5.4692e-01, 7.4005e-04, 
DIAGNOSTIC,Iteration,metricValue,convergenceValue,ITERATION_TIME_INDEX,SINCE_LAST
 2DIAGNOSTIC,     1, -7.059954106808e-02, inf, 1.1075e+00, 5.6055e-01, 
 2DIAGNOSTIC,     2, -7.102955877781e-02, inf, 1.1099e+00, 2.4750e-03, 
 2DIAGNOSTIC,     3, -7.159740477800e-02, inf, 1.1123e+00, 2.3530e-03, 
 2DIAGNOSTIC,     4, -7.394856959581e-02, inf, 1.1147e+00, 2.3718e-03, 
 2DIAGNOSTIC,     5, -7.648553699255e-02, inf, 1.1174e+00, 2.7249e-03, 
 2DIAGNOSTIC,     6, -7.694966346025e-02, inf, 1.1204e+00, 2.9578e-03, 
 2DIAGNOSTIC,     7, -7.754720747471e-02, inf, 1.1229e+00, 2.5780e-03, 
 2DIAGNOSTIC,     8, -7.756276428699e-02, inf, 1.1256e+00, 2.6541e-03, 
 2DIAGNOSTIC,     9, -7.760303467512e-02, inf, 1.1279e+00, 2.3351e-03, 
 2DIAGNOSTIC,    10, -7.761381566525e-02, 7.081435527653e-03, 1.1305e+00, 2.5570e-03, 
 2DIAGNOSTIC,    11, -7.785588502884e-02, 5.232421215624e-03, 1.1333e+00, 2.8679e-03, 
 2DIAGNOSTIC,    12, -7.806590944529e-02, 3.444312140346e-03, 1.1359e+00, 2.5542e-03, 
 2DIAGNOSTIC,    13, -7.815992832184e-02, 1.810458838008e-03, 1.1393e+00, 3.4120e-03, 
 2DIAGNOSTIC,    14, -7.813842594624e-02, 8.612301899120e-04, 1.1424e+00, 3.0479e-03, 
 2DIAGNOSTIC,    15, -7.809001207352e-02, 5.829737056047e-04, 1.1447e+00, 2.3479e-03, 
 2DIAGNOSTIC,    16, -7.819988578558e-02, 4.166146391071e-04, 1.1475e+00, 2.7850e-03, 
 2DIAGNOSTIC,    17, -7.821606099606e-02, 3.647119156085e-04, 1.1498e+00, 2.3232e-03, 
 2DIAGNOSTIC,    18, -7.822948694229e-02, 2.913693897426e-04, 1.1520e+00, 2.2302e-03, 
 2DIAGNOSTIC,    19, -7.813273370266e-02, 1.896223984659e-04, 1.1553e+00, 3.2511e-03, 
 2DIAGNOSTIC,    20, -7.802470028400e-02, 6.292275793385e-05, 1.1576e+00, 2.2709e-03, 
DIAGNOSTIC,Iteration,metricValue,convergenceValue,ITERATION_TIME_INDEX,SINCE_LAST
 2DIAGNOSTIC,     1, -3.997970372438e-02, inf, 1.8564e+00, 6.9882e-01, 
 2DIAGNOSTIC,     2, -4.057723283768e-02, inf, 1.8779e+00, 2.1514e-02, 
 2DIAGNOSTIC,     3, -4.131720960140e-02, inf, 1.8980e+00, 2.0059e-02, 
 2DIAGNOSTIC,     4, -4.186773300171e-02, inf, 1.9180e+00, 2.0041e-02, 
 2DIAGNOSTIC,     5, -4.225939139724e-02, inf, 1.9387e+00, 2.0663e-02, 
 2DIAGNOSTIC,     6, -4.247524589300e-02, inf, 1.9635e+00, 2.4823e-02, 
 2DIAGNOSTIC,     7, -4.265435785055e-02, inf, 1.9867e+00, 2.3212e-02, 
 2DIAGNOSTIC,     8, -4.267854988575e-02, inf, 2.0177e+00, 3.1038e-02, 
 2DIAGNOSTIC,     9, -4.267289116979e-02, inf, 2.0482e+00, 3.0424e-02, 
 2DIAGNOSTIC,    10, -4.267365112901e-02, 3.992471843958e-03, 2.0798e+00, 3.1600e-02, 
 2DIAGNOSTIC,    11, -4.267046228051e-02, 2.506880555302e-03, 2.1036e+00, 2.3859e-02, 
 2DIAGNOSTIC,    12, -4.266831651330e-02, 1.376979285851e-03, 2.1245e+00, 2.0928e-02, 
 2DIAGNOSTIC,    13, -4.266113415360e-02, 6.755451904610e-04, 2.1474e+00, 2.2837e-02, 
 2DIAGNOSTIC,    14, -4.265941679478e-02, 2.762669173535e-04, 2.1719e+00, 2.4551e-02, 
 2DIAGNOSTIC,    15, -4.265650361776e-02, 7.889005064499e-05, 2.1921e+00, 2.0148e-02, 
DIAGNOSTIC,Iteration,metricValue,convergenceValue,ITERATION_TIME_INDEX,SINCE_LAST
 2DIAGNOSTIC,     1, -2.825407125056e-02, inf, 3.7281e+00, 1.5360e+00, 
 2DIAGNOSTIC,     2, -2.874427661300e-02, inf, 3.8503e+00, 1.2217e-01, 
 2DIAGNOSTIC,     3, -2.965853922069e-02, inf, 3.9698e+00, 1.1951e-01, 
 2DIAGNOSTIC,     4, -3.124872408807e-02, inf, 4.0971e+00, 1.2731e-01, 
 2DIAGNOSTIC,     5, -3.281737864017e-02, inf, 4.2196e+00, 1.2251e-01, 
 2DIAGNOSTIC,     6, -3.300988674164e-02, inf, 4.3570e+00, 1.3733e-01, 
 2DIAGNOSTIC,     7, -3.317664191127e-02, inf, 4.4868e+00, 1.2985e-01, 
 2DIAGNOSTIC,     8, -3.355872258544e-02, inf, 4.6087e+00, 1.2192e-01, 
 2DIAGNOSTIC,     9, -3.525963425636e-02, inf, 4.7228e+00, 1.1405e-01, 
 2DIAGNOSTIC,    10, -3.542647138238e-02, 1.463551726192e-02, 4.8338e+00, 1.1102e-01, 
 2DIAGNOSTIC,    11, -3.547730669379e-02, 1.192651875317e-02, 4.9314e+00, 9.7575e-02, 
 2DIAGNOSTIC,    12, -3.555743023753e-02, 9.088822640479e-03, 5.0604e+00, 1.2899e-01, 
 2DIAGNOSTIC,    13, -3.567151352763e-02, 6.565643008798e-03, 5.1690e+00, 1.0862e-01, 
 2DIAGNOSTIC,    14, -3.590341284871e-02, 4.908736329526e-03, 5.2847e+00, 1.1569e-01, 
 2DIAGNOSTIC,    15, -3.596569225192e-02, 3.965647425503e-03, 5.4131e+00, 1.2839e-01, 
 2DIAGNOSTIC,    16, -3.596694767475e-02, 2.905539236963e-03, 5.5283e+00, 1.1520e-01, 
 2DIAGNOSTIC,    17, -3.596739098430e-02, 1.803176477551e-03, 5.6412e+00, 1.1291e-01, 
 2DIAGNOSTIC,    18, -3.596656769514e-02, 8.214300614782e-04, 5.7621e+00, 1.2091e-01, 
 2DIAGNOSTIC,    19, -3.596727550030e-02, 6.218922208063e-04, 5.8531e+00, 9.0988e-02, 
 2DIAGNOSTIC,    20, -3.596764057875e-02, 4.557146457955e-04, 5.9767e+00, 1.2367e-01, 
 2DIAGNOSTIC,    21, -3.596796095371e-02, 2.854116319213e-04, 6.0896e+00, 1.1284e-01, 
 2DIAGNOSTIC,    22, -3.596797585487e-02, 1.354889973300e-04, 6.2001e+00, 1.1049e-01, 
 2DIAGNOSTIC,    23, -3.596807271242e-02, 2.585074980743e-05, 6.2993e+00, 9.9266e-02, 
 2DIAGNOSTIC,    24, -3.596809878945e-02, 2.946284439531e-06, 6.4175e+00, 1.1820e-01, 
 2DIAGNOSTIC,    25, -3.596742451191e-02, 2.168633045585e-06, 6.5180e+00, 1.0047e-01, 
 2DIAGNOSTIC,    26, -3.596892952919e-02, 2.252075091747e-06, 6.6268e+00, 1.0880e-01, 
 2DIAGNOSTIC,    27, -3.596925362945e-02, 2.467226295266e-06, 6.7380e+00, 1.1120e-01, 
 2DIAGNOSTIC,    28, -3.596706688404e-02, 1.661068495196e-06, 6.8527e+00, 1.1471e-01, 
  Elapsed time (stage 0): 7.1201e+00


Total elapsed time: 7.1215e+00
Transforming MT-off to MNI
Transforming MT-on to MNI
