Loading spm/spm12
  Loading requirement: matlab/r2019a
Non-commercial use only - see $FSLDIR/LICENSE
N4 bias corrrection
Centring images
MATLAB is selecting SOFTWARE OPENGL rendering.

Written new image at:
	/home/tom29/rds/hpc-work/cbbu_BIDS/sub-31/anat/sub-31_acq-LC_mt-on_MTS_N4_centred.nii

MATLAB is selecting SOFTWARE OPENGL rendering.

Written new image at:
	/home/tom29/rds/hpc-work/cbbu_BIDS/sub-31/anat/sub-31_acq-LC_mt-off_MTS_N4_centred.nii

Registering MT-on to MT-off
All_Command_lines_OK
Using single precision for computations.
  number of levels = 4
  fixed image: /home/tom29/rds/hpc-work/cbbu_BIDS/sub-31/anat/sub-31_acq-LC_mt-off_MTS_N4_centred.nii.gz
  moving image: /home/tom29/rds/hpc-work/cbbu_BIDS/sub-31/anat/sub-31_acq-LC_mt-on_MTS_N4_centred.nii.gz
Dimension = 3
Number of stages = 1
Use histogram matching = false
Winsorize image intensities = true
  Lower quantile = 0.005
  Upper quantile = 0.995


Stage 1 State
   Image metric = MattesMI
     Fixed image = Image (0x33783c0)
  RTTI typeinfo:   itk::Image<float, 3u>
  Reference Count: 2
  Modified Time: 1076
  Debug: Off
  Object Name: 
  Observers: 
    none
  Source: (none)
  Source output name: (none)
  Release Data: Off
  Data Released: False
  Global Release Data: Off
  PipelineMTime: 0
  UpdateMTime: 685
  RealTimeStamp: 0 seconds 
  LargestPossibleRegion: 
    Dimension: 3
    Index: [0, 0, 0]
    Size: [448, 448, 112]
  BufferedRegion: 
    Dimension: 3
    Index: [0, 0, 0]
    Size: [448, 448, 112]
  RequestedRegion: 
    Dimension: 3
    Index: [0, 0, 0]
    Size: [448, 448, 112]
  Spacing: [0.428571, 0.428571, 0.5]
  Origin: [93.9993, 127.089, -22.6898]
  Direction: 
-0.999498 0.0263718 -0.0175608
-0.0208011 -0.964259 -0.264144
-0.0238991 -0.263646 0.964323

  IndexToPointMatrix: 
-0.428356 0.0113022 -0.0087804
-0.00891478 -0.413254 -0.132072
-0.0102425 -0.112991 0.482162

  PointToIndexMatrix: 
-2.33216 -0.048536 -0.0557646
0.0615343 -2.24994 -0.615174
-0.0351216 -0.528288 1.92865

  Inverse Direction: 
-0.999498 -0.0208011 -0.0238991
0.0263718 -0.964259 -0.263646
-0.0175608 -0.264144 0.964323

  PixelContainer: 
    ImportImageContainer (0x3364890)
      RTTI typeinfo:   itk::ImportImageContainer<unsigned long, float>
      Reference Count: 1
      Modified Time: 682
      Debug: Off
      Object Name: 
      Observers: 
        none
      Pointer: 0x154288855010
      Container manages memory: true
      Size: 22478848
      Capacity: 22478848

     Moving image = Image (0x337bb60)
  RTTI typeinfo:   itk::Image<float, 3u>
  Reference Count: 2
  Modified Time: 1077
  Debug: Off
  Object Name: 
  Observers: 
    none
  Source: (none)
  Source output name: (none)
  Release Data: Off
  Data Released: False
  Global Release Data: Off
  PipelineMTime: 0
  UpdateMTime: 1074
  RealTimeStamp: 0 seconds 
  LargestPossibleRegion: 
    Dimension: 3
    Index: [0, 0, 0]
    Size: [448, 448, 112]
  BufferedRegion: 
    Dimension: 3
    Index: [0, 0, 0]
    Size: [448, 448, 112]
  RequestedRegion: 
    Dimension: 3
    Index: [0, 0, 0]
    Size: [448, 448, 112]
  Spacing: [0.428571, 0.428571, 0.5]
  Origin: [93.9993, 127.089, -22.6898]
  Direction: 
-0.999498 0.0263718 -0.0175608
-0.0208011 -0.964259 -0.264144
-0.0238991 -0.263646 0.964323

  IndexToPointMatrix: 
-0.428356 0.0113022 -0.0087804
-0.00891478 -0.413254 -0.132072
-0.0102425 -0.112991 0.482162

  PointToIndexMatrix: 
-2.33216 -0.048536 -0.0557646
0.0615343 -2.24994 -0.615174
-0.0351216 -0.528288 1.92865

  Inverse Direction: 
-0.999498 -0.0208011 -0.0238991
0.0263718 -0.964259 -0.263646
-0.0175608 -0.264144 0.964323

  PixelContainer: 
    ImportImageContainer (0x337bb00)
      RTTI typeinfo:   itk::ImportImageContainer<unsigned long, float>
      Reference Count: 1
      Modified Time: 1071
      Debug: Off
      Object Name: 
      Observers: 
        none
      Pointer: 0x154283294010
      Container manages memory: true
      Size: 22478848
      Capacity: 22478848

     Weighting = 1
     Sampling strategy = regular
     Number of bins = 32
     Radius = 4
     Sampling percentage  = 0.25
   Transform = Rigid
     Gradient step = 0.1
     Update field sigma (voxel space) = 0
     Total field sigma (voxel space) = 0
     Update field time sigma = 0
     Total field time sigma  = 0
     Number of time indices = 0
     Number of time point samples = 0
Registration using 1 total stages.

Stage 0
  iterations = 1000x500x250x100
  convergence threshold = 1e-06
  convergence window size = 10
  number of levels = 4
  using the Mattes MI metric (number of bins = 32, weight = 1, use gradient filter = 0)
  preprocessing:  winsorizing the image intensities
  Shrink factors (level 1 out of 4): [8, 8, 7]
  Shrink factors (level 2 out of 4): [4, 4, 3]
  Shrink factors (level 3 out of 4): [2, 2, 2]
  Shrink factors (level 4 out of 4): [1, 1, 1]
  smoothing sigmas per level: [3, 2, 1, 0]
  regular sampling (percentage = 0.25)

*** Running Euler3DTransform registration ***

DIAGNOSTIC,Iteration,metricValue,convergenceValue,ITERATION_TIME_INDEX,SINCE_LAST
 2DIAGNOSTIC,     1, -1.424290180206e+00, inf, 5.5889e-01, 5.5889e-01, 
 2DIAGNOSTIC,     2, -1.435913324356e+00, inf, 5.6285e-01, 3.9620e-03, 
 2DIAGNOSTIC,     3, -1.438955426216e+00, inf, 5.6677e-01, 3.9160e-03, 
 2DIAGNOSTIC,     4, -1.439705848694e+00, inf, 5.7017e-01, 3.4051e-03, 
 2DIAGNOSTIC,     5, -1.439971804619e+00, inf, 5.7378e-01, 3.6058e-03, 
 2DIAGNOSTIC,     6, -1.440114498138e+00, inf, 5.7746e-01, 3.6829e-03, 
 2DIAGNOSTIC,     7, -1.440083503723e+00, inf, 5.8086e-01, 3.3979e-03, 
 2DIAGNOSTIC,     8, -1.440304040909e+00, inf, 5.8411e-01, 3.2530e-03, 
 2DIAGNOSTIC,     9, -1.440534710884e+00, inf, 5.9061e-01, 6.4921e-03, 
 2DIAGNOSTIC,    10, -1.440592765808e+00, 4.278344567865e-04, 5.9394e-01, 3.3381e-03, 
 2DIAGNOSTIC,    11, -1.440548777580e+00, 1.250108471140e-04, 5.9725e-01, 3.3071e-03, 
 2DIAGNOSTIC,    12, -1.440564393997e+00, 5.227862493484e-05, 6.0084e-01, 3.5861e-03, 
 2DIAGNOSTIC,    13, -1.440577983856e+00, 3.239591751480e-05, 6.0414e-01, 3.3059e-03, 
 2DIAGNOSTIC,    14, -1.440588951111e+00, 2.320747080375e-05, 6.0746e-01, 3.3159e-03, 
 2DIAGNOSTIC,    15, -1.440593481064e+00, 1.686431096459e-05, 6.1076e-01, 3.3021e-03, 
 2DIAGNOSTIC,    16, -1.440540075302e+00, 1.116421753977e-05, 6.1418e-01, 3.4208e-03, 
 2DIAGNOSTIC,    17, -1.440489768982e+00, 4.334982349974e-06, 6.1745e-01, 3.2670e-03, 
DIAGNOSTIC,Iteration,metricValue,convergenceValue,ITERATION_TIME_INDEX,SINCE_LAST
 2DIAGNOSTIC,     1, -1.370941400528e+00, inf, 1.2688e+00, 6.5137e-01, 
 2DIAGNOSTIC,     2, -1.371933221817e+00, inf, 1.3234e+00, 5.4566e-02, 
 2DIAGNOSTIC,     3, -1.371986865997e+00, inf, 1.3744e+00, 5.0970e-02, 
 2DIAGNOSTIC,     4, -1.372019290924e+00, inf, 1.4218e+00, 4.7417e-02, 
 2DIAGNOSTIC,     5, -1.372121453285e+00, inf, 1.4760e+00, 5.4243e-02, 
 2DIAGNOSTIC,     6, -1.372349143028e+00, inf, 1.5339e+00, 5.7856e-02, 
 2DIAGNOSTIC,     7, -1.372376084328e+00, inf, 1.5882e+00, 5.4342e-02, 
 2DIAGNOSTIC,     8, -1.372387051582e+00, inf, 1.6377e+00, 4.9539e-02, 
 2DIAGNOSTIC,     9, -1.372389316559e+00, inf, 1.6919e+00, 5.4155e-02, 
 2DIAGNOSTIC,    10, -1.372379183769e+00, 5.126599717187e-05, 1.7500e+00, 5.8130e-02, 
 2DIAGNOSTIC,    11, -1.372381925583e+00, 2.510579361115e-05, 1.8084e+00, 5.8359e-02, 
 2DIAGNOSTIC,    12, -1.372382044792e+00, 1.841919220169e-05, 1.8526e+00, 4.4192e-02, 
 2DIAGNOSTIC,    13, -1.372381687164e+00, 1.224392053700e-05, 1.8954e+00, 4.2859e-02, 
 2DIAGNOSTIC,    14, -1.372377395630e+00, 6.481388027169e-06, 1.9467e+00, 5.1260e-02, 
 2DIAGNOSTIC,    15, -1.372377395630e+00, 2.434276439089e-06, 1.9911e+00, 4.4401e-02, 
 2DIAGNOSTIC,    16, -1.372369408607e+00, 1.699787276266e-06, 2.0415e+00, 5.0406e-02, 
 2DIAGNOSTIC,    17, -1.372369766235e+00, 1.407166109857e-06, 2.0926e+00, 5.1098e-02, 
 2DIAGNOSTIC,    18, -1.372370600700e+00, 1.323131527897e-06, 2.1444e+00, 5.1821e-02, 
 2DIAGNOSTIC,    19, -1.372370362282e+00, 1.313926304647e-06, 2.1865e+00, 4.2105e-02, 
 2DIAGNOSTIC,    20, -1.372365474701e+00, 1.183445760944e-06, 2.2366e+00, 5.0050e-02, 
 2DIAGNOSTIC,    21, -1.372358202934e+00, 1.060686372512e-06, 2.2923e+00, 5.5743e-02, 
DIAGNOSTIC,Iteration,metricValue,convergenceValue,ITERATION_TIME_INDEX,SINCE_LAST
 2DIAGNOSTIC,     1, -1.295299053192e+00, inf, 3.3125e+00, 1.0202e+00, 
 2DIAGNOSTIC,     2, -1.295911788940e+00, inf, 3.5155e+00, 2.0296e-01, 
 2DIAGNOSTIC,     3, -1.295925498009e+00, inf, 3.7157e+00, 2.0022e-01, 
 2DIAGNOSTIC,     4, -1.295920848846e+00, inf, 3.9057e+00, 1.8994e-01, 
 2DIAGNOSTIC,     5, -1.295940399170e+00, inf, 4.0775e+00, 1.7183e-01, 
 2DIAGNOSTIC,     6, -1.295963048935e+00, inf, 4.2914e+00, 2.1395e-01, 
 2DIAGNOSTIC,     7, -1.296023488045e+00, inf, 4.6117e+00, 3.2021e-01, 
 2DIAGNOSTIC,     8, -1.296022057533e+00, inf, 4.7839e+00, 1.7220e-01, 
 2DIAGNOSTIC,     9, -1.296028494835e+00, inf, 4.9879e+00, 2.0407e-01, 
 2DIAGNOSTIC,    10, -1.296035289764e+00, 2.418352596578e-05, 5.1632e+00, 1.7527e-01, 
 2DIAGNOSTIC,    11, -1.296046614647e+00, 9.958409464161e-06, 5.3619e+00, 1.9874e-01, 
 2DIAGNOSTIC,    12, -1.296054601669e+00, 8.790011634119e-06, 5.5398e+00, 1.7790e-01, 
 2DIAGNOSTIC,    13, -1.296057224274e+00, 7.531543360528e-06, 5.7218e+00, 1.8194e-01, 
 2DIAGNOSTIC,    14, -1.296060442924e+00, 5.980796231597e-06, 5.9321e+00, 2.1034e-01, 
 2DIAGNOSTIC,    15, -1.296060800552e+00, 4.588516276272e-06, 6.1055e+00, 1.7341e-01, 
 2DIAGNOSTIC,    16, -1.296060800552e+00, 3.429483967921e-06, 6.2964e+00, 1.9084e-01, 
 2DIAGNOSTIC,    17, -1.296062469482e+00, 3.076621851505e-06, 6.5076e+00, 2.1122e-01, 
 2DIAGNOSTIC,    18, -1.296064734459e+00, 2.661222879397e-06, 6.7773e+00, 2.6974e-01, 
 2DIAGNOSTIC,    19, -1.296063065529e+00, 2.261317376906e-06, 6.9773e+00, 1.9995e-01, 
 2DIAGNOSTIC,    20, -1.296062469482e+00, 1.913714868351e-06, 7.1788e+00, 2.0155e-01, 
 2DIAGNOSTIC,    21, -1.296062469482e+00, 1.686142923063e-06, 7.3893e+00, 2.1051e-01, 
 2DIAGNOSTIC,    22, -1.296062588692e+00, 1.543058033349e-06, 7.6144e+00, 2.2511e-01, 
 2DIAGNOSTIC,    23, -1.296062588692e+00, 1.427011284250e-06, 7.8168e+00, 2.0233e-01, 
 2DIAGNOSTIC,    24, -1.296062111855e+00, 1.341942038380e-06, 7.9909e+00, 1.7417e-01, 
 2DIAGNOSTIC,    25, -1.296062350273e+00, 1.268141886612e-06, 8.1830e+00, 1.9210e-01, 
 2DIAGNOSTIC,    26, -1.296062469482e+00, 1.200936594614e-06, 8.4075e+00, 2.2445e-01, 
 2DIAGNOSTIC,    27, -1.296062350273e+00, 1.152569666374e-06, 8.6102e+00, 2.0271e-01, 
 2DIAGNOSTIC,    28, -1.296062350273e+00, 1.128212034018e-06, 8.8051e+00, 1.9493e-01, 
 2DIAGNOSTIC,    29, -1.296062350273e+00, 1.093862351809e-06, 9.0064e+00, 2.0131e-01, 
 2DIAGNOSTIC,    30, -1.296062111855e+00, 1.055970869857e-06, 9.1920e+00, 1.8555e-01, 
 2DIAGNOSTIC,    31, -1.296062111855e+00, 1.020892455017e-06, 9.3943e+00, 2.0230e-01, 
DIAGNOSTIC,Iteration,metricValue,convergenceValue,ITERATION_TIME_INDEX,SINCE_LAST
 2DIAGNOSTIC,     1, -1.196284651756e+00, inf, 1.2163e+01, 2.7691e+00, 
 2DIAGNOSTIC,     2, -1.197010278702e+00, inf, 1.3362e+01, 1.1989e+00, 
 2DIAGNOSTIC,     3, -1.197084665298e+00, inf, 1.4373e+01, 1.0104e+00, 
 2DIAGNOSTIC,     4, -1.197146654129e+00, inf, 1.5474e+01, 1.1018e+00, 
 2DIAGNOSTIC,     5, -1.197248220444e+00, inf, 1.6831e+01, 1.3567e+00, 
 2DIAGNOSTIC,     6, -1.197256088257e+00, inf, 1.7818e+01, 9.8717e-01, 
 2DIAGNOSTIC,     7, -1.197273015976e+00, inf, 1.8778e+01, 9.5983e-01, 
 2DIAGNOSTIC,     8, -1.197280883789e+00, inf, 1.9772e+01, 9.9405e-01, 
 2DIAGNOSTIC,     9, -1.197287321091e+00, inf, 2.0821e+01, 1.0491e+00, 
 2DIAGNOSTIC,    10, -1.197290420532e+00, 3.750748874154e-05, 2.1916e+01, 1.0946e+00, 
 2DIAGNOSTIC,    11, -1.197288036346e+00, 1.528749635327e-05, 2.2843e+01, 9.2692e-01, 
 2DIAGNOSTIC,    12, -1.197288393974e+00, 1.002539192996e-05, 2.4139e+01, 1.2968e+00, 
 2DIAGNOSTIC,    13, -1.197288393974e+00, 6.253974788706e-06, 2.5429e+01, 1.2895e+00, 
 2DIAGNOSTIC,    14, -1.197287678719e+00, 3.668431418191e-06, 2.6521e+01, 1.0922e+00, 
 2DIAGNOSTIC,    15, -1.197287917137e+00, 2.912484887929e-06, 2.7547e+01, 1.0263e+00, 
 2DIAGNOSTIC,    16, -1.197288393974e+00, 2.298197387063e-06, 2.8847e+01, 1.2993e+00, 
 2DIAGNOSTIC,    17, -1.197288393974e+00, 1.962411488421e-06, 2.9968e+01, 1.1215e+00, 
 2DIAGNOSTIC,    18, -1.197288274765e+00, 1.755408220561e-06, 3.1083e+01, 1.1150e+00, 
 2DIAGNOSTIC,    19, -1.197288393974e+00, 1.652106675465e-06, 3.2160e+01, 1.0767e+00, 
 2DIAGNOSTIC,    20, -1.197288393974e+00, 1.598759354238e-06, 3.3217e+01, 1.0573e+00, 
 2DIAGNOSTIC,    21, -1.197287917137e+00, 1.517037048870e-06, 3.4157e+01, 9.3937e-01, 
 2DIAGNOSTIC,    22, -1.197288751602e+00, 1.455507003811e-06, 3.5531e+01, 1.3742e+00, 
 2DIAGNOSTIC,    23, -1.197288751602e+00, 1.398470544700e-06, 3.6606e+01, 1.0756e+00, 
 2DIAGNOSTIC,    24, -1.197288274765e+00, 1.332954070676e-06, 3.7677e+01, 1.0705e+00, 
 2DIAGNOSTIC,    25, -1.197288274765e+00, 1.274365786230e-06, 3.8808e+01, 1.1308e+00, 
 2DIAGNOSTIC,    26, -1.197288274765e+00, 1.224456809723e-06, 3.9890e+01, 1.0818e+00, 
 2DIAGNOSTIC,    27, -1.197288036346e+00, 1.175927650365e-06, 4.0963e+01, 1.0737e+00, 
 2DIAGNOSTIC,    28, -1.197287917137e+00, 1.129010342993e-06, 4.2035e+01, 1.0722e+00, 
 2DIAGNOSTIC,    29, -1.197288155556e+00, 1.089062834581e-06, 4.3109e+01, 1.0734e+00, 
 2DIAGNOSTIC,    30, -1.197288036346e+00, 1.051687036124e-06, 4.4191e+01, 1.0821e+00, 
 2DIAGNOSTIC,    31, -1.197288036346e+00, 1.013691417029e-06, 4.5321e+01, 1.1303e+00, 
  Elapsed time (stage 0): 4.6235e+01


Total elapsed time: 4.6237e+01
Registering MT-off to MP2RAGE
All_Command_lines_OK
Using single precision for computations.
  Reading mask(s).
    Registration stage 0
      Fixed mask = /home/tom29/rds/hpc-work/cbbu_BIDS/sub-31/anat/sub-31_mask_centred.nii.gz
 file NULL does not exist . 
      No moving mask
  number of levels = 4
  fixed image: /home/tom29/rds/hpc-work/cbbu_BIDS/sub-31/anat/sub-31_acq-whole_UNI_MP2RAGE_brain_N4_centred.nii.gz
  moving image: /home/tom29/rds/hpc-work/cbbu_BIDS/sub-31/anat/sub-31_acq-LC_mt-off_MTS_N4_centred.nii.gz
Dimension = 3
Number of stages = 1
Use histogram matching = false
Winsorize image intensities = true
  Lower quantile = 0.005
  Upper quantile = 0.995


Stage 1 State
   Image metric = MattesMI
     Fixed image = Image (0x3c329e0)
  RTTI typeinfo:   itk::Image<float, 3u>
  Reference Count: 2
  Modified Time: 1519
  Debug: Off
  Object Name: 
  Observers: 
    none
  Source: (none)
  Source output name: (none)
  Release Data: Off
  Data Released: False
  Global Release Data: Off
  PipelineMTime: 0
  UpdateMTime: 1128
  RealTimeStamp: 0 seconds 
  LargestPossibleRegion: 
    Dimension: 3
    Index: [0, 0, 0]
    Size: [224, 300, 320]
  BufferedRegion: 
    Dimension: 3
    Index: [0, 0, 0]
    Size: [224, 300, 320]
  RequestedRegion: 
    Dimension: 3
    Index: [0, 0, 0]
    Size: [224, 300, 320]
  Spacing: [0.75, 0.75, 0.75]
  Origin: [82.2567, 122.311, -115.046]
  Direction: 
-0.999405 0.0233316 -0.0254073
-0.0240026 -0.999362 0.0264309
-0.0247744 0.027025 0.999328

  IndexToPointMatrix: 
-0.749554 0.0174987 -0.0190555
-0.0180019 -0.749522 0.0198232
-0.0185808 0.0202688 0.749496

  PointToIndexMatrix: 
-1.33254 -0.0320034 -0.0330326
0.0311088 -1.33248 0.0360333
-0.0338764 0.0352412 1.33244

  Inverse Direction: 
-0.999405 -0.0240026 -0.0247744
0.0233316 -0.999362 0.027025
-0.0254073 0.0264309 0.999328

  PixelContainer: 
    ImportImageContainer (0x3c21b40)
      RTTI typeinfo:   itk::ImportImageContainer<unsigned long, float>
      Reference Count: 1
      Modified Time: 1125
      Debug: Off
      Object Name: 
      Observers: 
        none
      Pointer: 0x14e80b233010
      Container manages memory: true
      Size: 21504000
      Capacity: 21504000

     Moving image = Image (0x3c3da40)
  RTTI typeinfo:   itk::Image<float, 3u>
  Reference Count: 2
  Modified Time: 1520
  Debug: Off
  Object Name: 
  Observers: 
    none
  Source: (none)
  Source output name: (none)
  Release Data: Off
  Data Released: False
  Global Release Data: Off
  PipelineMTime: 0
  UpdateMTime: 1517
  RealTimeStamp: 0 seconds 
  LargestPossibleRegion: 
    Dimension: 3
    Index: [0, 0, 0]
    Size: [448, 448, 112]
  BufferedRegion: 
    Dimension: 3
    Index: [0, 0, 0]
    Size: [448, 448, 112]
  RequestedRegion: 
    Dimension: 3
    Index: [0, 0, 0]
    Size: [448, 448, 112]
  Spacing: [0.428571, 0.428571, 0.5]
  Origin: [93.9993, 127.089, -22.6898]
  Direction: 
-0.999498 0.0263718 -0.0175608
-0.0208011 -0.964259 -0.264144
-0.0238991 -0.263646 0.964323

  IndexToPointMatrix: 
-0.428356 0.0113022 -0.0087804
-0.00891478 -0.413254 -0.132072
-0.0102425 -0.112991 0.482162

  PointToIndexMatrix: 
-2.33216 -0.048536 -0.0557646
0.0615343 -2.24994 -0.615174
-0.0351216 -0.528288 1.92865

  Inverse Direction: 
-0.999498 -0.0208011 -0.0238991
0.0263718 -0.964259 -0.263646
-0.0175608 -0.264144 0.964323

  PixelContainer: 
    ImportImageContainer (0x3c35cc0)
      RTTI typeinfo:   itk::ImportImageContainer<unsigned long, float>
      Reference Count: 1
      Modified Time: 1514
      Debug: Off
      Object Name: 
      Observers: 
        none
      Pointer: 0x14e805c72010
      Container manages memory: true
      Size: 22478848
      Capacity: 22478848

     Weighting = 1
     Sampling strategy = regular
     Number of bins = 32
     Radius = 4
     Sampling percentage  = 0.25
   Transform = Rigid
     Gradient step = 0.1
     Update field sigma (voxel space) = 0
     Total field sigma (voxel space) = 0
     Update field time sigma = 0
     Total field time sigma  = 0
     Number of time indices = 0
     Number of time point samples = 0
Registration using 1 total stages.

Stage 0
  iterations = 1000x500x250x100
  convergence threshold = 1e-06
  convergence window size = 10
  number of levels = 4
  using the Mattes MI metric (number of bins = 32, weight = 1, use gradient filter = 0)
  preprocessing:  winsorizing the image intensities
  Shrink factors (level 1 out of 4): [8, 8, 8]
  Shrink factors (level 2 out of 4): [4, 4, 4]
  Shrink factors (level 3 out of 4): [2, 2, 2]
  Shrink factors (level 4 out of 4): [1, 1, 1]
  smoothing sigmas per level: [3, 2, 1, 0]
  regular sampling (percentage = 0.25)

*** Running Euler3DTransform registration ***

DIAGNOSTIC,Iteration,metricValue,convergenceValue,ITERATION_TIME_INDEX,SINCE_LAST
 2DIAGNOSTIC,     1, -2.566571235657e-01, inf, 4.7510e-01, 4.7510e-01, 
 2DIAGNOSTIC,     2, -2.570241391659e-01, inf, 4.7588e-01, 7.8583e-04, 
 2DIAGNOSTIC,     3, -2.569630146027e-01, inf, 4.7650e-01, 6.1297e-04, 
 2DIAGNOSTIC,     4, -2.551579773426e-01, inf, 4.7715e-01, 6.4802e-04, 
 2DIAGNOSTIC,     5, -2.561743855476e-01, inf, 4.7801e-01, 8.6713e-04, 
 2DIAGNOSTIC,     6, -2.631947398186e-01, inf, 4.7868e-01, 6.7019e-04, 
 2DIAGNOSTIC,     7, -2.621867060661e-01, inf, 4.7952e-01, 8.3208e-04, 
 2DIAGNOSTIC,     8, -2.576014697552e-01, inf, 4.8054e-01, 1.0219e-03, 
 2DIAGNOSTIC,     9, -2.580410242081e-01, inf, 4.8113e-01, 5.9605e-04, 
 2DIAGNOSTIC,    10, -2.587489485741e-01, 8.694599964656e-04, 4.8197e-01, 8.3494e-04, 
 2DIAGNOSTIC,    11, -2.590316832066e-01, 6.123512866907e-04, 4.8276e-01, 7.9203e-04, 
 2DIAGNOSTIC,    12, -2.602567672729e-01, 4.904598463327e-04, 4.8350e-01, 7.3504e-04, 
 2DIAGNOSTIC,    13, -2.612045407295e-01, 4.383822088130e-04, 4.8425e-01, 7.5698e-04, 
 2DIAGNOSTIC,    14, -2.627171576023e-01, 3.341844421811e-04, 4.8507e-01, 8.1587e-04, 
 2DIAGNOSTIC,    15, -2.635090649128e-01, 3.229134599678e-04, 4.8586e-01, 7.9393e-04, 
 2DIAGNOSTIC,    16, -2.650024294853e-01, 8.647675276734e-04, 4.8701e-01, 1.1439e-03, 
 2DIAGNOSTIC,    17, -2.657356262207e-01, 1.251776353456e-03, 4.8779e-01, 7.8797e-04, 
 2DIAGNOSTIC,    18, -2.664895951748e-01, 1.245975028723e-03, 4.8860e-01, 8.0299e-04, 
 2DIAGNOSTIC,    19, -2.667889893055e-01, 1.166989444755e-03, 4.8935e-01, 7.4983e-04, 
 2DIAGNOSTIC,    20, -2.649092674255e-01, 9.249915601686e-04, 4.9008e-01, 7.3504e-04, 
 2DIAGNOSTIC,    21, -2.642396390438e-01, 6.025007460266e-04, 4.9091e-01, 8.2994e-04, 
 2DIAGNOSTIC,    22, -2.647997736931e-01, 3.410952049308e-04, 4.9182e-01, 9.0480e-04, 
DIAGNOSTIC,Iteration,metricValue,convergenceValue,ITERATION_TIME_INDEX,SINCE_LAST
 2DIAGNOSTIC,     1, -7.252220064402e-02, inf, 9.8702e-01, 4.9521e-01, 
 2DIAGNOSTIC,     2, -7.367141544819e-02, inf, 9.8942e-01, 2.3990e-03, 
 2DIAGNOSTIC,     3, -7.482130825520e-02, inf, 9.9168e-01, 2.2581e-03, 
 2DIAGNOSTIC,     4, -7.651012390852e-02, inf, 9.9435e-01, 2.6679e-03, 
 2DIAGNOSTIC,     5, -7.853396981955e-02, inf, 9.9672e-01, 2.3680e-03, 
 2DIAGNOSTIC,     6, -7.904097437859e-02, inf, 9.9943e-01, 2.7149e-03, 
 2DIAGNOSTIC,     7, -7.733689993620e-02, inf, 1.0016e+00, 2.1460e-03, 
 2DIAGNOSTIC,     8, -7.774242758751e-02, inf, 1.0042e+00, 2.6021e-03, 
 2DIAGNOSTIC,     9, -8.057878911495e-02, inf, 1.0071e+00, 2.8942e-03, 
 2DIAGNOSTIC,    10, -8.006887137890e-02, 5.939972121269e-03, 1.0097e+00, 2.5761e-03, 
 2DIAGNOSTIC,    11, -8.075559884310e-02, 4.633407574147e-03, 1.0122e+00, 2.5840e-03, 
 2DIAGNOSTIC,    12, -8.147127181292e-02, 3.725268179551e-03, 1.0148e+00, 2.5260e-03, 
 2DIAGNOSTIC,    13, -8.142154663801e-02, 2.923178253695e-03, 1.0173e+00, 2.4910e-03, 
 2DIAGNOSTIC,    14, -8.263386785984e-02, 2.697729738429e-03, 1.0204e+00, 3.1531e-03, 
 2DIAGNOSTIC,    15, -8.268748223782e-02, 2.745369216427e-03, 1.0229e+00, 2.5389e-03, 
 2DIAGNOSTIC,    16, -8.266098797321e-02, 2.666744170710e-03, 1.0255e+00, 2.5439e-03, 
 2DIAGNOSTIC,    17, -8.254570513964e-02, 1.973339589313e-03, 1.0280e+00, 2.5251e-03, 
 2DIAGNOSTIC,    18, -8.250410109758e-02, 1.235231873579e-03, 1.0302e+00, 2.1639e-03, 
 2DIAGNOSTIC,    19, -8.248513936996e-02, 9.965642821044e-04, 1.0325e+00, 2.3322e-03, 
 2DIAGNOSTIC,    20, -8.220030367374e-02, 5.452068871818e-04, 1.0347e+00, 2.1670e-03, 
 2DIAGNOSTIC,    21, -8.258260786533e-02, 2.701148041524e-04, 1.0369e+00, 2.2311e-03, 
 2DIAGNOSTIC,    22, -8.262769132853e-02, 1.195934819407e-04, 1.0394e+00, 2.5179e-03, 
DIAGNOSTIC,Iteration,metricValue,convergenceValue,ITERATION_TIME_INDEX,SINCE_LAST
 2DIAGNOSTIC,     1, -3.705119341612e-02, inf, 1.6788e+00, 6.3935e-01, 
 2DIAGNOSTIC,     2, -3.754114359617e-02, inf, 1.6950e+00, 1.6233e-02, 
 2DIAGNOSTIC,     3, -3.922488540411e-02, inf, 1.7097e+00, 1.4710e-02, 
 2DIAGNOSTIC,     4, -4.002943262458e-02, inf, 1.7251e+00, 1.5374e-02, 
 2DIAGNOSTIC,     5, -4.130519181490e-02, inf, 1.7430e+00, 1.7882e-02, 
 2DIAGNOSTIC,     6, -4.123524948955e-02, inf, 1.7584e+00, 1.5397e-02, 
 2DIAGNOSTIC,     7, -4.204749315977e-02, inf, 1.7821e+00, 2.3693e-02, 
 2DIAGNOSTIC,     8, -4.215371608734e-02, inf, 1.7964e+00, 1.4319e-02, 
 2DIAGNOSTIC,     9, -4.300921410322e-02, inf, 1.8188e+00, 2.2466e-02, 
 2DIAGNOSTIC,    10, -4.333369061351e-02, 9.813335724175e-03, 1.8363e+00, 1.7470e-02, 
 2DIAGNOSTIC,    11, -4.331831261516e-02, 7.570923771709e-03, 1.8500e+00, 1.3699e-02, 
 2DIAGNOSTIC,    12, -4.339601472020e-02, 5.365192890167e-03, 1.8637e+00, 1.3668e-02, 
 2DIAGNOSTIC,    13, -4.348619282246e-02, 3.964490257204e-03, 1.8834e+00, 1.9696e-02, 
 2DIAGNOSTIC,    14, -4.350754991174e-02, 2.798644592986e-03, 1.8992e+00, 1.5849e-02, 
 2DIAGNOSTIC,    15, -4.357424378395e-02, 2.154974499717e-03, 1.9148e+00, 1.5619e-02, 
 2DIAGNOSTIC,    16, -4.362853616476e-02, 1.387657946907e-03, 1.9305e+00, 1.5672e-02, 
 2DIAGNOSTIC,    17, -4.373575001955e-02, 9.585976367816e-04, 1.9475e+00, 1.6988e-02, 
 2DIAGNOSTIC,    18, -4.373934119940e-02, 5.233226111159e-04, 1.9631e+00, 1.5564e-02, 
 2DIAGNOSTIC,    19, -4.376309365034e-02, 3.976797161158e-04, 1.9802e+00, 1.7177e-02, 
 2DIAGNOSTIC,    20, -4.376985505223e-02, 3.609184932429e-04, 1.9947e+00, 1.4485e-02, 
 2DIAGNOSTIC,    21, -4.378852620721e-02, 2.947199973278e-04, 2.0079e+00, 1.3179e-02, 
 2DIAGNOSTIC,    22, -4.378927871585e-02, 2.303744258825e-04, 2.0232e+00, 1.5293e-02, 
 2DIAGNOSTIC,    23, -4.379508644342e-02, 1.786771899788e-04, 2.0385e+00, 1.5285e-02, 
 2DIAGNOSTIC,    24, -4.382056742907e-02, 1.279644784518e-04, 2.0539e+00, 1.5380e-02, 
 2DIAGNOSTIC,    25, -4.382561519742e-02, 8.846535638440e-05, 2.0700e+00, 1.6087e-02, 
 2DIAGNOSTIC,    26, -4.420485720038e-02, 1.545882114442e-04, 2.0856e+00, 1.5652e-02, 
 2DIAGNOSTIC,    27, -4.424586519599e-02, 2.353064046474e-04, 2.1016e+00, 1.6007e-02, 
 2DIAGNOSTIC,    28, -4.437095299363e-02, 3.192866570316e-04, 2.1153e+00, 1.3703e-02, 
 2DIAGNOSTIC,    29, -4.464088380337e-02, 4.351295356173e-04, 2.1314e+00, 1.6110e-02, 
 2DIAGNOSTIC,    30, -4.519670084119e-02, 6.245156982914e-04, 2.1474e+00, 1.5971e-02, 
 2DIAGNOSTIC,    31, -4.527559876442e-02, 7.593583432026e-04, 2.1663e+00, 1.8923e-02, 
 2DIAGNOSTIC,    32, -4.532055556774e-02, 8.243496413343e-04, 2.1814e+00, 1.5026e-02, 
 2DIAGNOSTIC,    33, -4.530200734735e-02, 8.068856550381e-04, 2.1966e+00, 1.5234e-02, 
 2DIAGNOSTIC,    34, -4.529906436801e-02, 7.185481954366e-04, 2.2117e+00, 1.5144e-02, 
 2DIAGNOSTIC,    35, -4.530858248472e-02, 5.666914512403e-04, 2.2268e+00, 1.5116e-02, 
 2DIAGNOSTIC,    36, -4.530495405197e-02, 4.386408545543e-04, 2.2427e+00, 1.5830e-02, 
 2DIAGNOSTIC,    37, -4.530289396644e-02, 2.845471899491e-04, 2.2644e+00, 2.1764e-02, 
 2DIAGNOSTIC,    38, -4.530325159431e-02, 1.336957357125e-04, 2.2797e+00, 1.5216e-02, 
 2DIAGNOSTIC,    39, -4.529560357332e-02, 1.993108344323e-05, 2.2936e+00, 1.3991e-02, 
DIAGNOSTIC,Iteration,metricValue,convergenceValue,ITERATION_TIME_INDEX,SINCE_LAST
 2DIAGNOSTIC,     1, -3.180820867419e-02, inf, 3.5260e+00, 1.2323e+00, 
 2DIAGNOSTIC,     2, -3.220622241497e-02, inf, 3.6143e+00, 8.8353e-02, 
 2DIAGNOSTIC,     3, -3.248426318169e-02, inf, 3.7152e+00, 1.0089e-01, 
 2DIAGNOSTIC,     4, -3.256590291858e-02, inf, 3.8170e+00, 1.0177e-01, 
 2DIAGNOSTIC,     5, -3.258216753602e-02, inf, 3.9304e+00, 1.1339e-01, 
 2DIAGNOSTIC,     6, -3.263478726149e-02, inf, 4.0284e+00, 9.8053e-02, 
 2DIAGNOSTIC,     7, -3.264688700438e-02, inf, 4.1134e+00, 8.4953e-02, 
 2DIAGNOSTIC,     8, -3.265697881579e-02, inf, 4.2374e+00, 1.2404e-01, 
 2DIAGNOSTIC,     9, -3.266089409590e-02, inf, 4.3503e+00, 1.1287e-01, 
 2DIAGNOSTIC,    10, -3.266118094325e-02, 1.243511331268e-03, 4.4507e+00, 1.0034e-01, 
 2DIAGNOSTIC,    11, -3.266109898686e-02, 5.696588777937e-04, 4.5390e+00, 8.8315e-02, 
 2DIAGNOSTIC,    12, -3.266204521060e-02, 2.432091714581e-04, 4.6381e+00, 9.9145e-02, 
 2DIAGNOSTIC,    13, -3.266087546945e-02, 1.305137557210e-04, 4.7261e+00, 8.8033e-02, 
 2DIAGNOSTIC,    14, -3.266092017293e-02, 7.350081432378e-05, 4.8251e+00, 9.8940e-02, 
 2DIAGNOSTIC,    15, -3.266054764390e-02, 2.615824814711e-05, 4.9153e+00, 9.0211e-02, 
 2DIAGNOSTIC,    16, -3.266346082091e-02, 1.275639351661e-05, 5.0047e+00, 8.9409e-02, 
 2DIAGNOSTIC,    17, -3.266611695290e-02, 7.349384304689e-06, 5.1031e+00, 9.8409e-02, 
 2DIAGNOSTIC,    18, -3.266971185803e-02, 8.606692972535e-06, 5.2037e+00, 1.0063e-01, 
 2DIAGNOSTIC,    19, -3.267692029476e-02, 1.420058924850e-05, 5.2914e+00, 8.7701e-02, 
 2DIAGNOSTIC,    20, -3.269194811583e-02, 2.469280480000e-05, 5.3755e+00, 8.4024e-02, 
 2DIAGNOSTIC,    21, -3.272039070725e-02, 4.364939377410e-05, 5.4600e+00, 8.4489e-02, 
 2DIAGNOSTIC,    22, -3.277188166976e-02, 7.750098302495e-05, 5.5597e+00, 9.9730e-02, 
 2DIAGNOSTIC,    23, -3.284785151482e-02, 1.292601082241e-04, 5.7262e+00, 1.6653e-01, 
 2DIAGNOSTIC,    24, -3.286875039339e-02, 1.718593121041e-04, 5.8411e+00, 1.1486e-01, 
 2DIAGNOSTIC,    25, -3.286869823933e-02, 1.951398444362e-04, 5.9403e+00, 9.9181e-02, 
 2DIAGNOSTIC,    26, -3.286949545145e-02, 1.999148807954e-04, 6.0383e+00, 9.8007e-02, 
 2DIAGNOSTIC,    27, -3.286769613624e-02, 1.856703020167e-04, 6.1376e+00, 9.9335e-02, 
 2DIAGNOSTIC,    28, -3.286924958229e-02, 1.563254918437e-04, 6.2369e+00, 9.9277e-02, 
 2DIAGNOSTIC,    29, -3.286776691675e-02, 1.161016480182e-04, 6.3241e+00, 8.7270e-02, 
 2DIAGNOSTIC,    30, -3.286910057068e-02, 7.273818482645e-05, 6.4221e+00, 9.7911e-02, 
 2DIAGNOSTIC,    31, -3.287040069699e-02, 3.367968747625e-05, 6.5502e+00, 1.2812e-01, 
 2DIAGNOSTIC,    32, -3.287011757493e-02, 7.370400453510e-06, 6.6341e+00, 8.3949e-02, 
 2DIAGNOSTIC,    33, -3.286983072758e-02, 1.856350309026e-06, 6.7374e+00, 1.0332e-01, 
 2DIAGNOSTIC,    34, -3.287074342370e-02, 2.167132151953e-06, 6.8410e+00, 1.0358e-01, 
 2DIAGNOSTIC,    35, -3.287373483181e-02, 3.054816488657e-06, 6.9416e+00, 1.0056e-01, 
 2DIAGNOSTIC,    36, -3.287453204393e-02, 4.060031642439e-06, 7.0530e+00, 1.1145e-01, 
 2DIAGNOSTIC,    37, -3.287526220083e-02, 4.454967438505e-06, 7.1407e+00, 8.7702e-02, 
 2DIAGNOSTIC,    38, -3.287466987967e-02, 4.734219146485e-06, 7.2415e+00, 1.0075e-01, 
 2DIAGNOSTIC,    39, -3.287564218044e-02, 4.511274255492e-06, 7.3424e+00, 1.0091e-01, 
 2DIAGNOSTIC,    40, -3.287584707141e-02, 4.254407940607e-06, 7.4283e+00, 8.5927e-02, 
 2DIAGNOSTIC,    41, -3.287666663527e-02, 4.126980911678e-06, 7.5482e+00, 1.1990e-01, 
 2DIAGNOSTIC,    42, -3.287716209888e-02, 3.740250804185e-06, 7.6575e+00, 1.0932e-01, 
 2DIAGNOSTIC,    43, -3.287645429373e-02, 2.891263648053e-06, 7.7528e+00, 9.5250e-02, 
 2DIAGNOSTIC,    44, -3.287569060922e-02, 1.897297806863e-06, 7.8380e+00, 8.5217e-02, 
 2DIAGNOSTIC,    45, -3.287602588534e-02, 1.475096837567e-06, 7.9261e+00, 8.8051e-02, 
 2DIAGNOSTIC,    46, -3.287783265114e-02, 1.478387616771e-06, 8.0265e+00, 1.0048e-01, 
 2DIAGNOSTIC,    47, -3.287853673100e-02, 1.664577894189e-06, 8.1108e+00, 8.4274e-02, 
 2DIAGNOSTIC,    48, -3.287975117564e-02, 1.862578528744e-06, 8.1953e+00, 8.4504e-02, 
 2DIAGNOSTIC,    49, -3.288456797600e-02, 2.968313538076e-06, 8.2798e+00, 8.4459e-02, 
 2DIAGNOSTIC,    50, -3.288970142603e-02, 4.707990683528e-06, 8.3636e+00, 8.3815e-02, 
 2DIAGNOSTIC,    51, -3.290166333318e-02, 8.139932106133e-06, 8.4753e+00, 1.1172e-01, 
 2DIAGNOSTIC,    52, -3.290749341249e-02, 1.173914188257e-05, 8.5576e+00, 8.2325e-02, 
 2DIAGNOSTIC,    53, -3.290973231196e-02, 1.439726929675e-05, 8.6545e+00, 9.6846e-02, 
 2DIAGNOSTIC,    54, -3.291297331452e-02, 1.604944736755e-05, 8.7402e+00, 8.5747e-02, 
 2DIAGNOSTIC,    55, -3.291660547256e-02, 1.675984094618e-05, 8.8265e+00, 8.6245e-02, 
 2DIAGNOSTIC,    56, -3.293735906482e-02, 1.935375803441e-05, 8.9234e+00, 9.6947e-02, 
 2DIAGNOSTIC,    57, -3.295075148344e-02, 2.211346691183e-05, 9.0085e+00, 8.5092e-02, 
 2DIAGNOSTIC,    58, -3.295968845487e-02, 2.421944918751e-05, 9.0889e+00, 8.0363e-02, 
 2DIAGNOSTIC,    59, -3.299573063850e-02, 3.002011544595e-05, 9.1714e+00, 8.2492e-02, 
 2DIAGNOSTIC,    60, -3.302985057235e-02, 3.830433706753e-05, 9.2838e+00, 1.1245e-01, 
 2DIAGNOSTIC,    61, -3.305536881089e-02, 4.787928628502e-05, 9.4110e+00, 1.2722e-01, 
 2DIAGNOSTIC,    62, -3.306338563561e-02, 5.451683318825e-05, 9.5067e+00, 9.5690e-02, 
 2DIAGNOSTIC,    63, -3.306928649545e-02, 5.694464562112e-05, 9.5903e+00, 8.3540e-02, 
 2DIAGNOSTIC,    64, -3.308190405369e-02, 5.600097210845e-05, 9.6785e+00, 8.8219e-02, 
 2DIAGNOSTIC,    65, -3.310430794954e-02, 5.304452861310e-05, 9.7743e+00, 9.5791e-02, 
 2DIAGNOSTIC,    66, -3.311727941036e-02, 4.945488035446e-05, 9.8991e+00, 1.2478e-01, 
 2DIAGNOSTIC,    67, -3.313896432519e-02, 4.586531940731e-05, 9.9865e+00, 8.7396e-02, 
 2DIAGNOSTIC,    68, -3.313890844584e-02, 3.907845893991e-05, 1.0086e+01, 9.9069e-02, 
 2DIAGNOSTIC,    69, -3.315596282482e-02, 3.538341115927e-05, 1.0196e+01, 1.1056e-01, 
 2DIAGNOSTIC,    70, -3.315322473645e-02, 3.216800541850e-05, 1.0298e+01, 1.0144e-01, 
 2DIAGNOSTIC,    71, -3.315794095397e-02, 2.966584725073e-05, 1.0404e+01, 1.0672e-01, 
 2DIAGNOSTIC,    72, -3.316143527627e-02, 2.580540058261e-05, 1.0503e+01, 9.8943e-02, 
 2DIAGNOSTIC,    73, -3.316020593047e-02, 2.014595884248e-05, 1.0604e+01, 1.0118e-01, 
 2DIAGNOSTIC,    74, -3.315820544958e-02, 1.395126582793e-05, 1.0701e+01, 9.6337e-02, 
 2DIAGNOSTIC,    75, -3.315877541900e-02, 9.263496394851e-06, 1.0785e+01, 8.4628e-02, 
 2DIAGNOSTIC,    76, -3.315878286958e-02, 5.269291705190e-06, 1.0881e+01, 9.6089e-02, 
 2DIAGNOSTIC,    77, -3.316326439381e-02, 3.858398031298e-06, 1.0977e+01, 9.5535e-02, 
 2DIAGNOSTIC,    78, -3.316270932555e-02, 2.023143679253e-06, 1.1063e+01, 8.6309e-02, 
 2DIAGNOSTIC,    79, -3.316420689225e-02, 2.142519178960e-06, 1.1147e+01, 8.3606e-02, 
 2DIAGNOSTIC,    80, -3.317651152611e-02, 3.115156232525e-06, 1.1230e+01, 8.2949e-02, 
 2DIAGNOSTIC,    81, -3.319058939815e-02, 5.752847755502e-06, 1.1324e+01, 9.4406e-02, 
 2DIAGNOSTIC,    82, -3.319832310081e-02, 8.961835192167e-06, 1.1424e+01, 9.9821e-02, 
 2DIAGNOSTIC,    83, -3.320240601897e-02, 1.158261784440e-05, 1.1509e+01, 8.4819e-02, 
 2DIAGNOSTIC,    84, -3.322630003095e-02, 1.533057366032e-05, 1.1653e+01, 1.4399e-01, 
 2DIAGNOSTIC,    85, -3.322422131896e-02, 1.731714473863e-05, 1.1751e+01, 9.8484e-02, 
 2DIAGNOSTIC,    86, -3.322294354439e-02, 1.749100010784e-05, 1.1837e+01, 8.5658e-02, 
 2DIAGNOSTIC,    87, -3.322884812951e-02, 1.708057061478e-05, 1.1935e+01, 9.8224e-02, 
 2DIAGNOSTIC,    88, -3.323534131050e-02, 1.563955265738e-05, 1.2043e+01, 1.0786e-01, 
 2DIAGNOSTIC,    89, -3.323578089476e-02, 1.288360363105e-05, 1.2167e+01, 1.2433e-01, 
 2DIAGNOSTIC,    90, -3.323426842690e-02, 1.000127303996e-05, 1.2266e+01, 9.8540e-02, 
 2DIAGNOSTIC,    91, -3.323300182819e-02, 7.501645086450e-06, 1.2375e+01, 1.0882e-01, 
 2DIAGNOSTIC,    92, -3.323286026716e-02, 5.081875769974e-06, 1.2470e+01, 9.5596e-02, 
 2DIAGNOSTIC,    93, -3.323188424110e-02, 2.461562417011e-06, 1.2571e+01, 1.0052e-01, 
 2DIAGNOSTIC,    94, -3.323215246201e-02, 1.922709316204e-06, 1.2654e+01, 8.2781e-02, 
 2DIAGNOSTIC,    95, -3.323141112924e-02, 1.006113166113e-06, 1.2759e+01, 1.0529e-01, 
  Elapsed time (stage 0): 1.3004e+01


Total elapsed time: 1.3006e+01
Transforming MT-off to MNI
Transforming MT-on to MNI
