Loading spm/spm12
  Loading requirement: matlab/r2019a
Non-commercial use only - see $FSLDIR/LICENSE
N4 bias corrrection
Centring images
MATLAB is selecting SOFTWARE OPENGL rendering.

Written new image at:
	/home/tom29/rds/hpc-work/cbbu_BIDS/sub-25/anat/sub-25_acq-LC_mt-on_MTS_N4_centred.nii

MATLAB is selecting SOFTWARE OPENGL rendering.

Written new image at:
	/home/tom29/rds/hpc-work/cbbu_BIDS/sub-25/anat/sub-25_acq-LC_mt-off_MTS_N4_centred.nii

Registering MT-on to MT-off
All_Command_lines_OK
Using single precision for computations.
  number of levels = 4
  fixed image: /home/tom29/rds/hpc-work/cbbu_BIDS/sub-25/anat/sub-25_acq-LC_mt-off_MTS_N4_centred.nii.gz
  moving image: /home/tom29/rds/hpc-work/cbbu_BIDS/sub-25/anat/sub-25_acq-LC_mt-on_MTS_N4_centred.nii.gz
Dimension = 3
Number of stages = 1
Use histogram matching = false
Winsorize image intensities = true
  Lower quantile = 0.005
  Upper quantile = 0.995


Stage 1 State
   Image metric = MattesMI
     Fixed image = Image (0x3b243c0)
  RTTI typeinfo:   itk::Image<float, 3u>
  Reference Count: 2
  Modified Time: 1076
  Debug: Off
  Object Name: 
  Observers: 
    none
  Source: (none)
  Source output name: (none)
  Release Data: Off
  Data Released: False
  Global Release Data: Off
  PipelineMTime: 0
  UpdateMTime: 685
  RealTimeStamp: 0 seconds 
  LargestPossibleRegion: 
    Dimension: 3
    Index: [0, 0, 0]
    Size: [448, 448, 112]
  BufferedRegion: 
    Dimension: 3
    Index: [0, 0, 0]
    Size: [448, 448, 112]
  RequestedRegion: 
    Dimension: 3
    Index: [0, 0, 0]
    Size: [448, 448, 112]
  Spacing: [0.428571, 0.428571, 0.5]
  Origin: [93.5762, 112.981, -12.0355]
  Direction: 
-0.999864 0.0130922 -0.010063
-0.00782841 -0.912401 -0.409223
-0.0145391 -0.409088 0.912379

  IndexToPointMatrix: 
-0.428513 0.00561095 -0.00503149
-0.00335503 -0.391029 -0.204611
-0.00623105 -0.175324 0.456189

  PointToIndexMatrix: 
-2.33302 -0.0182663 -0.0339246
0.0305485 -2.12894 -0.954539
-0.020126 -0.818446 1.82476

  Inverse Direction: 
-0.999864 -0.00782841 -0.0145391
0.0130922 -0.912401 -0.409088
-0.010063 -0.409223 0.912379

  PixelContainer: 
    ImportImageContainer (0x3b10890)
      RTTI typeinfo:   itk::ImportImageContainer<unsigned long, float>
      Reference Count: 1
      Modified Time: 682
      Debug: Off
      Object Name: 
      Observers: 
        none
      Pointer: 0x1545d4e2f010
      Container manages memory: true
      Size: 22478848
      Capacity: 22478848

     Moving image = Image (0x3b27b60)
  RTTI typeinfo:   itk::Image<float, 3u>
  Reference Count: 2
  Modified Time: 1077
  Debug: Off
  Object Name: 
  Observers: 
    none
  Source: (none)
  Source output name: (none)
  Release Data: Off
  Data Released: False
  Global Release Data: Off
  PipelineMTime: 0
  UpdateMTime: 1074
  RealTimeStamp: 0 seconds 
  LargestPossibleRegion: 
    Dimension: 3
    Index: [0, 0, 0]
    Size: [448, 448, 112]
  BufferedRegion: 
    Dimension: 3
    Index: [0, 0, 0]
    Size: [448, 448, 112]
  RequestedRegion: 
    Dimension: 3
    Index: [0, 0, 0]
    Size: [448, 448, 112]
  Spacing: [0.428571, 0.428571, 0.5]
  Origin: [93.5762, 112.981, -12.0355]
  Direction: 
-0.999864 0.0130922 -0.010063
-0.00782841 -0.912401 -0.409223
-0.0145391 -0.409088 0.912379

  IndexToPointMatrix: 
-0.428513 0.00561095 -0.00503149
-0.00335503 -0.391029 -0.204611
-0.00623105 -0.175324 0.456189

  PointToIndexMatrix: 
-2.33302 -0.0182663 -0.0339246
0.0305485 -2.12894 -0.954539
-0.020126 -0.818446 1.82476

  Inverse Direction: 
-0.999864 -0.00782841 -0.0145391
0.0130922 -0.912401 -0.409088
-0.010063 -0.409223 0.912379

  PixelContainer: 
    ImportImageContainer (0x3b27b00)
      RTTI typeinfo:   itk::ImportImageContainer<unsigned long, float>
      Reference Count: 1
      Modified Time: 1071
      Debug: Off
      Object Name: 
      Observers: 
        none
      Pointer: 0x1545cf86e010
      Container manages memory: true
      Size: 22478848
      Capacity: 22478848

     Weighting = 1
     Sampling strategy = regular
     Number of bins = 32
     Radius = 4
     Sampling percentage  = 0.25
   Transform = Rigid
     Gradient step = 0.1
     Update field sigma (voxel space) = 0
     Total field sigma (voxel space) = 0
     Update field time sigma = 0
     Total field time sigma  = 0
     Number of time indices = 0
     Number of time point samples = 0
Registration using 1 total stages.

Stage 0
  iterations = 1000x500x250x100
  convergence threshold = 1e-06
  convergence window size = 10
  number of levels = 4
  using the Mattes MI metric (number of bins = 32, weight = 1, use gradient filter = 0)
  preprocessing:  winsorizing the image intensities
  Shrink factors (level 1 out of 4): [8, 8, 7]
  Shrink factors (level 2 out of 4): [4, 4, 3]
  Shrink factors (level 3 out of 4): [2, 2, 2]
  Shrink factors (level 4 out of 4): [1, 1, 1]
  smoothing sigmas per level: [3, 2, 1, 0]
  regular sampling (percentage = 0.25)

*** Running Euler3DTransform registration ***

DIAGNOSTIC,Iteration,metricValue,convergenceValue,ITERATION_TIME_INDEX,SINCE_LAST
 2DIAGNOSTIC,     1, -1.474134683609e+00, inf, 5.7769e-01, 5.7769e-01, 
 2DIAGNOSTIC,     2, -1.487610578537e+00, inf, 5.8147e-01, 3.7782e-03, 
 2DIAGNOSTIC,     3, -1.491777062416e+00, inf, 5.8530e-01, 3.8331e-03, 
 2DIAGNOSTIC,     4, -1.492683649063e+00, inf, 5.8912e-01, 3.8202e-03, 
 2DIAGNOSTIC,     5, -1.492783665657e+00, inf, 5.9287e-01, 3.7482e-03, 
 2DIAGNOSTIC,     6, -1.492739439011e+00, inf, 5.9642e-01, 3.5520e-03, 
 2DIAGNOSTIC,     7, -1.492763161659e+00, inf, 6.0043e-01, 4.0030e-03, 
 2DIAGNOSTIC,     8, -1.492909669876e+00, inf, 6.0371e-01, 3.2802e-03, 
 2DIAGNOSTIC,     9, -1.492952346802e+00, inf, 6.0744e-01, 3.7370e-03, 
 2DIAGNOSTIC,    10, -1.492963433266e+00, 4.669763729908e-04, 6.1120e-01, 3.7570e-03, 
 2DIAGNOSTIC,    11, -1.493081331253e+00, 1.200458355015e-04, 6.1489e-01, 3.6919e-03, 
 2DIAGNOSTIC,    12, -1.493147492409e+00, 3.391432619537e-05, 6.1862e-01, 3.7248e-03, 
 2DIAGNOSTIC,    13, -1.493160128593e+00, 1.909155616886e-05, 6.2350e-01, 4.8819e-03, 
 2DIAGNOSTIC,    14, -1.493162274361e+00, 1.722280831018e-05, 6.2739e-01, 3.8891e-03, 
 2DIAGNOSTIC,    15, -1.493107199669e+00, 1.486502424086e-05, 6.3117e-01, 3.7808e-03, 
 2DIAGNOSTIC,    16, -1.493107795715e+00, 1.112989411922e-05, 6.3498e-01, 3.8149e-03, 
 2DIAGNOSTIC,    17, -1.493107676506e+00, 7.193362762337e-06, 6.3887e-01, 3.8841e-03, 
 2DIAGNOSTIC,    18, -1.493050098419e+00, 4.139104021306e-06, 6.4265e-01, 3.7832e-03, 
 2DIAGNOSTIC,    19, -1.493050456047e+00, 1.658313635744e-06, 6.4681e-01, 4.1590e-03, 
DIAGNOSTIC,Iteration,metricValue,convergenceValue,ITERATION_TIME_INDEX,SINCE_LAST
 2DIAGNOSTIC,     1, -1.421453952789e+00, inf, 1.2811e+00, 6.3433e-01, 
 2DIAGNOSTIC,     2, -1.422519564629e+00, inf, 1.3334e+00, 5.2255e-02, 
 2DIAGNOSTIC,     3, -1.422525048256e+00, inf, 1.3838e+00, 5.0432e-02, 
 2DIAGNOSTIC,     4, -1.422538161278e+00, inf, 1.4280e+00, 4.4143e-02, 
 2DIAGNOSTIC,     5, -1.422573328018e+00, inf, 1.4698e+00, 4.1823e-02, 
 2DIAGNOSTIC,     6, -1.422613620758e+00, inf, 1.5218e+00, 5.1983e-02, 
 2DIAGNOSTIC,     7, -1.422744274139e+00, inf, 1.5781e+00, 5.6318e-02, 
 2DIAGNOSTIC,     8, -1.422747731209e+00, inf, 1.6198e+00, 4.1659e-02, 
 2DIAGNOSTIC,     9, -1.422754168510e+00, inf, 1.6713e+00, 5.1585e-02, 
 2DIAGNOSTIC,    10, -1.422757267952e+00, 3.849447602988e-05, 1.7231e+00, 5.1736e-02, 
 2DIAGNOSTIC,    11, -1.422764182091e+00, 1.564519698150e-05, 1.7800e+00, 5.6966e-02, 
 2DIAGNOSTIC,    12, -1.422751903534e+00, 1.296735808864e-05, 1.8511e+00, 7.1049e-02, 
 2DIAGNOSTIC,    13, -1.422752499580e+00, 9.872998816718e-06, 1.9012e+00, 5.0074e-02, 
 2DIAGNOSTIC,    14, -1.422752737999e+00, 6.757109531463e-06, 1.9495e+00, 4.8347e-02, 
 2DIAGNOSTIC,    15, -1.422752857208e+00, 4.119575805817e-06, 2.0052e+00, 5.5655e-02, 
 2DIAGNOSTIC,    16, -1.422752976418e+00, 2.087215307256e-06, 2.0674e+00, 6.2228e-02, 
 2DIAGNOSTIC,    17, -1.422753095627e+00, 1.824147148000e-06, 2.1226e+00, 5.5185e-02, 
 2DIAGNOSTIC,    18, -1.422752618790e+00, 1.627757455935e-06, 2.1727e+00, 5.0135e-02, 
 2DIAGNOSTIC,    19, -1.422752737999e+00, 1.531863631499e-06, 2.2231e+00, 5.0404e-02, 
 2DIAGNOSTIC,    20, -1.422752618790e+00, 1.485101279286e-06, 2.2733e+00, 5.0142e-02, 
 2DIAGNOSTIC,    21, -1.422752618790e+00, 1.521798367321e-06, 2.3275e+00, 5.4238e-02, 
 2DIAGNOSTIC,    22, -1.422752618790e+00, 1.442901634618e-06, 2.3794e+00, 5.1867e-02, 
 2DIAGNOSTIC,    23, -1.422752857208e+00, 1.378420051878e-06, 2.4437e+00, 6.4361e-02, 
 2DIAGNOSTIC,    24, -1.422752618790e+00, 1.319699435953e-06, 2.4963e+00, 5.2576e-02, 
 2DIAGNOSTIC,    25, -1.422752261162e+00, 1.264328489015e-06, 2.5497e+00, 5.3433e-02, 
 2DIAGNOSTIC,    26, -1.422752261162e+00, 1.214933945448e-06, 2.6049e+00, 5.5182e-02, 
 2DIAGNOSTIC,    27, -1.422752499580e+00, 1.172684733319e-06, 2.6559e+00, 5.0966e-02, 
 2DIAGNOSTIC,    28, -1.422752380371e+00, 1.129575366576e-06, 2.7086e+00, 5.2710e-02, 
 2DIAGNOSTIC,    29, -1.422752261162e+00, 1.090156274586e-06, 2.7625e+00, 5.3862e-02, 
 2DIAGNOSTIC,    30, -1.422752261162e+00, 1.053325263456e-06, 2.8083e+00, 4.5844e-02, 
 2DIAGNOSTIC,    31, -1.422752022743e+00, 1.017977297124e-06, 2.8608e+00, 5.2528e-02, 
DIAGNOSTIC,Iteration,metricValue,convergenceValue,ITERATION_TIME_INDEX,SINCE_LAST
 2DIAGNOSTIC,     1, -1.352529287338e+00, inf, 3.9194e+00, 1.0586e+00, 
 2DIAGNOSTIC,     2, -1.352823853493e+00, inf, 4.1047e+00, 1.8524e-01, 
 2DIAGNOSTIC,     3, -1.352878689766e+00, inf, 4.3414e+00, 2.3667e-01, 
 2DIAGNOSTIC,     4, -1.352883338928e+00, inf, 4.5280e+00, 1.8668e-01, 
 2DIAGNOSTIC,     5, -1.352931857109e+00, inf, 4.7067e+00, 1.7868e-01, 
 2DIAGNOSTIC,     6, -1.352965950966e+00, inf, 4.9136e+00, 2.0686e-01, 
 2DIAGNOSTIC,     7, -1.353012800217e+00, inf, 5.1230e+00, 2.0941e-01, 
 2DIAGNOSTIC,     8, -1.353139877319e+00, inf, 5.4763e+00, 3.5333e-01, 
 2DIAGNOSTIC,     9, -1.353138089180e+00, inf, 5.6718e+00, 1.9552e-01, 
 2DIAGNOSTIC,    10, -1.353134512901e+00, 2.690207293199e-05, 5.8797e+00, 2.0781e-01, 
 2DIAGNOSTIC,    11, -1.353129267693e+00, 1.841041375883e-05, 6.1291e+00, 2.4941e-01, 
 2DIAGNOSTIC,    12, -1.353130698204e+00, 1.508849163656e-05, 6.3327e+00, 2.0360e-01, 
 2DIAGNOSTIC,    13, -1.353129148483e+00, 1.199204962177e-05, 6.5382e+00, 2.0556e-01, 
 2DIAGNOSTIC,    14, -1.353125214577e+00, 8.471676665067e-06, 6.7456e+00, 2.0733e-01, 
 2DIAGNOSTIC,    15, -1.353125214577e+00, 5.560315457842e-06, 6.9500e+00, 2.0444e-01, 
 2DIAGNOSTIC,    16, -1.353125810623e+00, 3.155337708449e-06, 7.1531e+00, 2.0314e-01, 
 2DIAGNOSTIC,    17, -1.353124856949e+00, 1.445972998226e-06, 7.4385e+00, 2.8539e-01, 
 2DIAGNOSTIC,    18, -1.353124618530e+00, 1.445936277378e-06, 7.6348e+00, 1.9623e-01, 
 2DIAGNOSTIC,    19, -1.353124380112e+00, 1.454829316572e-06, 7.8466e+00, 2.1189e-01, 
 2DIAGNOSTIC,    20, -1.353123664856e+00, 1.439662696612e-06, 8.0683e+00, 2.2161e-01, 
 2DIAGNOSTIC,    21, -1.353123664856e+00, 1.386369376633e-06, 8.2938e+00, 2.2558e-01, 
 2DIAGNOSTIC,    22, -1.353122472763e+00, 1.352187268822e-06, 8.4884e+00, 1.9458e-01, 
 2DIAGNOSTIC,    23, -1.353122234344e+00, 1.314825567533e-06, 8.6902e+00, 2.0173e-01, 
 2DIAGNOSTIC,    24, -1.353122234344e+00, 1.252476408808e-06, 8.9028e+00, 2.1266e-01, 
 2DIAGNOSTIC,    25, -1.353122234344e+00, 1.201619625135e-06, 9.1020e+00, 1.9915e-01, 
 2DIAGNOSTIC,    26, -1.353122353554e+00, 1.167309505945e-06, 9.3043e+00, 2.0237e-01, 
 2DIAGNOSTIC,    27, -1.353122472763e+00, 1.134420585913e-06, 9.4750e+00, 1.7067e-01, 
 2DIAGNOSTIC,    28, -1.353121757507e+00, 1.100892063732e-06, 9.6636e+00, 1.8864e-01, 
 2DIAGNOSTIC,    29, -1.353121995926e+00, 1.073189764611e-06, 9.8696e+00, 2.0595e-01, 
 2DIAGNOSTIC,    30, -1.353121757507e+00, 1.042677581609e-06, 1.0073e+01, 2.0360e-01, 
 2DIAGNOSTIC,    31, -1.353121876717e+00, 1.016799274112e-06, 1.0273e+01, 2.0028e-01, 
DIAGNOSTIC,Iteration,metricValue,convergenceValue,ITERATION_TIME_INDEX,SINCE_LAST
 2DIAGNOSTIC,     1, -1.246989130974e+00, inf, 1.3072e+01, 2.7988e+00, 
 2DIAGNOSTIC,     2, -1.247782588005e+00, inf, 1.4300e+01, 1.2280e+00, 
 2DIAGNOSTIC,     3, -1.247830390930e+00, inf, 1.5351e+01, 1.0506e+00, 
 2DIAGNOSTIC,     4, -1.247878551483e+00, inf, 1.6943e+01, 1.5919e+00, 
 2DIAGNOSTIC,     5, -1.247879385948e+00, inf, 1.8047e+01, 1.1044e+00, 
 2DIAGNOSTIC,     6, -1.247878432274e+00, inf, 1.9098e+01, 1.0504e+00, 
 2DIAGNOSTIC,     7, -1.247878193855e+00, inf, 2.0317e+01, 1.2197e+00, 
 2DIAGNOSTIC,     8, -1.247878074646e+00, inf, 2.1548e+01, 1.2311e+00, 
 2DIAGNOSTIC,     9, -1.247877717018e+00, inf, 2.2801e+01, 1.2528e+00, 
 2DIAGNOSTIC,    10, -1.247877955437e+00, 2.607444184832e-05, 2.3897e+01, 1.0958e+00, 
 2DIAGNOSTIC,    11, -1.247877717018e+00, 5.696512289433e-06, 2.5003e+01, 1.1061e+00, 
 2DIAGNOSTIC,    12, -1.247877597809e+00, 3.507423798510e-06, 2.6093e+01, 1.0904e+00, 
 2DIAGNOSTIC,    13, -1.247877478600e+00, 2.389121846136e-06, 2.7248e+01, 1.1547e+00, 
 2DIAGNOSTIC,    14, -1.247877478600e+00, 2.218802819698e-06, 2.8375e+01, 1.1264e+00, 
 2DIAGNOSTIC,    15, -1.247877240181e+00, 2.085390178763e-06, 2.9481e+01, 1.1061e+00, 
 2DIAGNOSTIC,    16, -1.247877240181e+00, 1.958438133443e-06, 3.0581e+01, 1.1002e+00, 
 2DIAGNOSTIC,    17, -1.247877597809e+00, 1.850807848314e-06, 3.1656e+01, 1.0753e+00, 
 2DIAGNOSTIC,    18, -1.247877359390e+00, 1.752471007421e-06, 3.2726e+01, 1.0695e+00, 
 2DIAGNOSTIC,    19, -1.247877001762e+00, 1.657295570112e-06, 3.3851e+01, 1.1257e+00, 
 2DIAGNOSTIC,    20, -1.247876763344e+00, 1.573451640979e-06, 3.4850e+01, 9.9906e-01, 
 2DIAGNOSTIC,    21, -1.247876763344e+00, 1.496602862971e-06, 3.5968e+01, 1.1173e+00, 
 2DIAGNOSTIC,    22, -1.247876763344e+00, 1.427058919035e-06, 3.7041e+01, 1.0734e+00, 
 2DIAGNOSTIC,    23, -1.247876882553e+00, 1.365303774037e-06, 3.8108e+01, 1.0668e+00, 
 2DIAGNOSTIC,    24, -1.247877001762e+00, 1.311655523750e-06, 3.9219e+01, 1.1108e+00, 
 2DIAGNOSTIC,    25, -1.247876644135e+00, 1.258200086340e-06, 4.0331e+01, 1.1123e+00, 
 2DIAGNOSTIC,    26, -1.247876882553e+00, 1.212245251736e-06, 4.1386e+01, 1.0550e+00, 
 2DIAGNOSTIC,    27, -1.247876882553e+00, 1.173678469968e-06, 4.2511e+01, 1.1247e+00, 
 2DIAGNOSTIC,    28, -1.247876763344e+00, 1.135398065344e-06, 4.3600e+01, 1.0893e+00, 
 2DIAGNOSTIC,    29, -1.247876763344e+00, 1.097117774407e-06, 4.4719e+01, 1.1191e+00, 
 2DIAGNOSTIC,    30, -1.247877001762e+00, 1.061410671355e-06, 4.5683e+01, 9.6349e-01, 
 2DIAGNOSTIC,    31, -1.247876882553e+00, 1.026972881846e-06, 4.6905e+01, 1.2219e+00, 
  Elapsed time (stage 0): 4.7844e+01


Total elapsed time: 4.7853e+01
Registering MT-off to MP2RAGE
All_Command_lines_OK
Using single precision for computations.
  Reading mask(s).
    Registration stage 0
      Fixed mask = /home/tom29/rds/hpc-work/cbbu_BIDS/sub-25/anat/sub-25_mask_centred.nii.gz
 file NULL does not exist . 
      No moving mask
  number of levels = 4
  fixed image: /home/tom29/rds/hpc-work/cbbu_BIDS/sub-25/anat/sub-25_acq-whole_UNI_MP2RAGE_brain_N4_centred.nii.gz
  moving image: /home/tom29/rds/hpc-work/cbbu_BIDS/sub-25/anat/sub-25_acq-LC_mt-off_MTS_N4_centred.nii.gz
Dimension = 3
Number of stages = 1
Use histogram matching = false
Winsorize image intensities = true
  Lower quantile = 0.005
  Upper quantile = 0.995


Stage 1 State
   Image metric = MattesMI
     Fixed image = Image (0x32b69e0)
  RTTI typeinfo:   itk::Image<float, 3u>
  Reference Count: 2
  Modified Time: 1519
  Debug: Off
  Object Name: 
  Observers: 
    none
  Source: (none)
  Source output name: (none)
  Release Data: Off
  Data Released: False
  Global Release Data: Off
  PipelineMTime: 0
  UpdateMTime: 1128
  RealTimeStamp: 0 seconds 
  LargestPossibleRegion: 
    Dimension: 3
    Index: [0, 0, 0]
    Size: [224, 300, 320]
  BufferedRegion: 
    Dimension: 3
    Index: [0, 0, 0]
    Size: [224, 300, 320]
  RequestedRegion: 
    Dimension: 3
    Index: [0, 0, 0]
    Size: [224, 300, 320]
  Spacing: [0.75, 0.75, 0.75]
  Origin: [80.5735, 150.301, -96.6005]
  Direction: 
-0.999885 0.00828169 0.0126801
-0.0115278 -0.959181 -0.282556
0.00982244 -0.28267 0.959167

  IndexToPointMatrix: 
-0.749914 0.00621127 0.00951005
-0.00864585 -0.719386 -0.211917
0.00736683 -0.212003 0.719375

  PointToIndexMatrix: 
-1.33318 -0.0153704 0.0130966
0.0110422 -1.27891 -0.376894
0.0169067 -0.376742 1.27889

  Inverse Direction: 
-0.999885 -0.0115278 0.00982244
0.00828169 -0.959181 -0.28267
0.0126801 -0.282556 0.959167

  PixelContainer: 
    ImportImageContainer (0x32a5b40)
      RTTI typeinfo:   itk::ImportImageContainer<unsigned long, float>
      Reference Count: 1
      Modified Time: 1125
      Debug: Off
      Object Name: 
      Observers: 
        none
      Pointer: 0x14efdeb8e010
      Container manages memory: true
      Size: 21504000
      Capacity: 21504000

     Moving image = Image (0x32c1a40)
  RTTI typeinfo:   itk::Image<float, 3u>
  Reference Count: 2
  Modified Time: 1520
  Debug: Off
  Object Name: 
  Observers: 
    none
  Source: (none)
  Source output name: (none)
  Release Data: Off
  Data Released: False
  Global Release Data: Off
  PipelineMTime: 0
  UpdateMTime: 1517
  RealTimeStamp: 0 seconds 
  LargestPossibleRegion: 
    Dimension: 3
    Index: [0, 0, 0]
    Size: [448, 448, 112]
  BufferedRegion: 
    Dimension: 3
    Index: [0, 0, 0]
    Size: [448, 448, 112]
  RequestedRegion: 
    Dimension: 3
    Index: [0, 0, 0]
    Size: [448, 448, 112]
  Spacing: [0.428571, 0.428571, 0.5]
  Origin: [93.5762, 112.981, -12.0355]
  Direction: 
-0.999864 0.0130922 -0.010063
-0.00782841 -0.912401 -0.409223
-0.0145391 -0.409088 0.912379

  IndexToPointMatrix: 
-0.428513 0.00561095 -0.00503149
-0.00335503 -0.391029 -0.204611
-0.00623105 -0.175324 0.456189

  PointToIndexMatrix: 
-2.33302 -0.0182663 -0.0339246
0.0305485 -2.12894 -0.954539
-0.020126 -0.818446 1.82476

  Inverse Direction: 
-0.999864 -0.00782841 -0.0145391
0.0130922 -0.912401 -0.409088
-0.010063 -0.409223 0.912379

  PixelContainer: 
    ImportImageContainer (0x32b9cc0)
      RTTI typeinfo:   itk::ImportImageContainer<unsigned long, float>
      Reference Count: 1
      Modified Time: 1514
      Debug: Off
      Object Name: 
      Observers: 
        none
      Pointer: 0x14efd95cd010
      Container manages memory: true
      Size: 22478848
      Capacity: 22478848

     Weighting = 1
     Sampling strategy = regular
     Number of bins = 32
     Radius = 4
     Sampling percentage  = 0.25
   Transform = Rigid
     Gradient step = 0.1
     Update field sigma (voxel space) = 0
     Total field sigma (voxel space) = 0
     Update field time sigma = 0
     Total field time sigma  = 0
     Number of time indices = 0
     Number of time point samples = 0
Registration using 1 total stages.

Stage 0
  iterations = 1000x500x250x100
  convergence threshold = 1e-06
  convergence window size = 10
  number of levels = 4
  using the Mattes MI metric (number of bins = 32, weight = 1, use gradient filter = 0)
  preprocessing:  winsorizing the image intensities
  Shrink factors (level 1 out of 4): [8, 8, 8]
  Shrink factors (level 2 out of 4): [4, 4, 4]
  Shrink factors (level 3 out of 4): [2, 2, 2]
  Shrink factors (level 4 out of 4): [1, 1, 1]
  smoothing sigmas per level: [3, 2, 1, 0]
  regular sampling (percentage = 0.25)

*** Running Euler3DTransform registration ***

DIAGNOSTIC,Iteration,metricValue,convergenceValue,ITERATION_TIME_INDEX,SINCE_LAST
 2DIAGNOSTIC,     1, -2.041949480772e-01, inf, 5.0838e-01, 5.0838e-01, 
 2DIAGNOSTIC,     2, -2.077914923429e-01, inf, 5.0907e-01, 6.8808e-04, 
 2DIAGNOSTIC,     3, -2.214318960905e-01, inf, 5.1075e-01, 1.6730e-03, 
 2DIAGNOSTIC,     4, -2.214383035898e-01, inf, 5.1146e-01, 7.1096e-04, 
 2DIAGNOSTIC,     5, -2.215549051762e-01, inf, 5.1219e-01, 7.3099e-04, 
 2DIAGNOSTIC,     6, -2.216530144215e-01, inf, 5.1282e-01, 6.2895e-04, 
 2DIAGNOSTIC,     7, -2.212229669094e-01, inf, 5.1353e-01, 7.1383e-04, 
 2DIAGNOSTIC,     8, -2.197752743959e-01, inf, 5.1416e-01, 6.2799e-04, 
 2DIAGNOSTIC,     9, -2.199032008648e-01, inf, 5.1478e-01, 6.2013e-04, 
 2DIAGNOSTIC,    10, -2.200397700071e-01, 3.287053899840e-03, 5.1561e-01, 8.3399e-04, 
 2DIAGNOSTIC,    11, -2.201616466045e-01, 1.089743105695e-03, 5.1637e-01, 7.5817e-04, 
DIAGNOSTIC,Iteration,metricValue,convergenceValue,ITERATION_TIME_INDEX,SINCE_LAST
 2DIAGNOSTIC,     1, -6.303446739912e-02, inf, 1.0041e+00, 4.8772e-01, 
 2DIAGNOSTIC,     2, -6.381159275770e-02, inf, 1.0068e+00, 2.6581e-03, 
 2DIAGNOSTIC,     3, -6.418442726135e-02, inf, 1.0095e+00, 2.7509e-03, 
 2DIAGNOSTIC,     4, -6.540348380804e-02, inf, 1.0122e+00, 2.7249e-03, 
 2DIAGNOSTIC,     5, -6.593830883503e-02, inf, 1.0149e+00, 2.6941e-03, 
 2DIAGNOSTIC,     6, -6.601417064667e-02, inf, 1.0179e+00, 2.9919e-03, 
 2DIAGNOSTIC,     7, -6.588749587536e-02, inf, 1.0206e+00, 2.6581e-03, 
 2DIAGNOSTIC,     8, -6.580385565758e-02, inf, 1.0229e+00, 2.2800e-03, 
 2DIAGNOSTIC,     9, -6.574413925409e-02, inf, 1.0251e+00, 2.2929e-03, 
 2DIAGNOSTIC,    10, -6.577058136463e-02, 2.533026039600e-03, 1.0276e+00, 2.4490e-03, 
 2DIAGNOSTIC,    11, -6.586062908173e-02, 1.425094786100e-03, 1.0306e+00, 2.9850e-03, 
 2DIAGNOSTIC,    12, -6.666228175163e-02, 9.521336178295e-04, 1.0338e+00, 3.2191e-03, 
 2DIAGNOSTIC,    13, -6.917927414179e-02, 1.413294696249e-03, 1.0380e+00, 4.1690e-03, 
 2DIAGNOSTIC,    14, -6.900645047426e-02, 1.976900268346e-03, 1.0431e+00, 5.1038e-03, 
 2DIAGNOSTIC,    15, -6.904592365026e-02, 2.459137700498e-03, 1.0454e+00, 2.3372e-03, 
 2DIAGNOSTIC,    16, -6.905164569616e-02, 2.685083542019e-03, 1.0482e+00, 2.8241e-03, 
 2DIAGNOSTIC,    17, -6.899631768465e-02, 2.585362643003e-03, 1.0506e+00, 2.4109e-03, 
 2DIAGNOSTIC,    18, -6.900816410780e-02, 2.232674043626e-03, 1.0531e+00, 2.4130e-03, 
 2DIAGNOSTIC,    19, -6.890077888966e-02, 1.676032668911e-03, 1.0555e+00, 2.4190e-03, 
 2DIAGNOSTIC,    20, -6.892688572407e-02, 1.043349271640e-03, 1.0582e+00, 2.7480e-03, 
 2DIAGNOSTIC,    21, -6.894216686487e-02, 3.976758162025e-04, 1.0606e+00, 2.4090e-03, 
DIAGNOSTIC,Iteration,metricValue,convergenceValue,ITERATION_TIME_INDEX,SINCE_LAST
 2DIAGNOSTIC,     1, -3.266463056207e-02, inf, 1.7097e+00, 6.4906e-01, 
 2DIAGNOSTIC,     2, -3.302257880569e-02, inf, 1.7288e+00, 1.9148e-02, 
 2DIAGNOSTIC,     3, -3.362790867686e-02, inf, 1.7471e+00, 1.8284e-02, 
 2DIAGNOSTIC,     4, -3.377953544259e-02, inf, 1.7640e+00, 1.6850e-02, 
 2DIAGNOSTIC,     5, -3.424452990294e-02, inf, 1.7845e+00, 2.0527e-02, 
 2DIAGNOSTIC,     6, -3.464367240667e-02, inf, 1.8044e+00, 1.9932e-02, 
 2DIAGNOSTIC,     7, -3.496382012963e-02, inf, 1.8272e+00, 2.2757e-02, 
 2DIAGNOSTIC,     8, -3.533265367150e-02, inf, 1.8528e+00, 2.5643e-02, 
 2DIAGNOSTIC,     9, -3.537321090698e-02, inf, 1.8681e+00, 1.5264e-02, 
 2DIAGNOSTIC,    10, -3.567819297314e-02, 5.700795911252e-03, 1.8848e+00, 1.6748e-02, 
 2DIAGNOSTIC,    11, -3.600279241800e-02, 4.836346954107e-03, 1.9004e+00, 1.5547e-02, 
 2DIAGNOSTIC,    12, -3.642115369439e-02, 4.202448762953e-03, 1.9182e+00, 1.7855e-02, 
 2DIAGNOSTIC,    13, -3.676023706794e-02, 3.881825134158e-03, 1.9341e+00, 1.5900e-02, 
 2DIAGNOSTIC,    14, -3.704416379333e-02, 3.505978966132e-03, 1.9561e+00, 2.2001e-02, 
 2DIAGNOSTIC,    15, -3.709138557315e-02, 3.137713065371e-03, 1.9715e+00, 1.5308e-02, 
 2DIAGNOSTIC,    16, -3.719501197338e-02, 2.781989052892e-03, 1.9913e+00, 1.9822e-02, 
 2DIAGNOSTIC,    17, -3.721156716347e-02, 2.368472516537e-03, 2.0102e+00, 1.8881e-02, 
 2DIAGNOSTIC,    18, -3.722277656198e-02, 1.954821636900e-03, 2.0286e+00, 1.8477e-02, 
 2DIAGNOSTIC,    19, -3.724477812648e-02, 1.431399956346e-03, 2.0444e+00, 1.5766e-02, 
 2DIAGNOSTIC,    20, -3.725757822394e-02, 9.563573403284e-04, 2.0626e+00, 1.8197e-02, 
 2DIAGNOSTIC,    21, -3.729115426540e-02, 5.734959268011e-04, 2.0809e+00, 1.8264e-02, 
 2DIAGNOSTIC,    22, -3.728006035089e-02, 3.182071086485e-04, 2.1023e+00, 2.1421e-02, 
 2DIAGNOSTIC,    23, -3.732920810580e-02, 1.883925724542e-04, 2.1186e+00, 1.6341e-02, 
 2DIAGNOSTIC,    24, -3.733618557453e-02, 1.478131307522e-04, 2.1371e+00, 1.8502e-02, 
 2DIAGNOSTIC,    25, -3.734285384417e-02, 1.130172386183e-04, 2.1554e+00, 1.8285e-02, 
 2DIAGNOSTIC,    26, -3.735626116395e-02, 1.060565627995e-04, 2.1747e+00, 1.9245e-02, 
 2DIAGNOSTIC,    27, -3.738429024816e-02, 1.027312027873e-04, 2.1953e+00, 2.0678e-02, 
 2DIAGNOSTIC,    28, -3.738431259990e-02, 9.288731962442e-05, 2.2156e+00, 2.0227e-02, 
 2DIAGNOSTIC,    29, -3.739066049457e-02, 8.279822941404e-05, 2.2350e+00, 1.9467e-02, 
 2DIAGNOSTIC,    30, -3.753448650241e-02, 1.065998367267e-04, 2.2539e+00, 1.8914e-02, 
 2DIAGNOSTIC,    31, -3.753763437271e-02, 1.272707304452e-04, 2.2770e+00, 2.3098e-02, 
 2DIAGNOSTIC,    32, -3.760332614183e-02, 1.480114297010e-04, 2.2938e+00, 1.6744e-02, 
 2DIAGNOSTIC,    33, -3.767989203334e-02, 1.834198046708e-04, 2.3138e+00, 1.9979e-02, 
 2DIAGNOSTIC,    34, -3.767763450742e-02, 2.000952954404e-04, 2.3337e+00, 1.9891e-02, 
 2DIAGNOSTIC,    35, -3.767290338874e-02, 1.972153986571e-04, 2.3523e+00, 1.8696e-02, 
 2DIAGNOSTIC,    36, -3.764887526631e-02, 1.735162222758e-04, 2.3707e+00, 1.8314e-02, 
 2DIAGNOSTIC,    37, -3.765567764640e-02, 1.423978246748e-04, 2.3883e+00, 1.7618e-02, 
 2DIAGNOSTIC,    38, -3.765336051583e-02, 9.893257811200e-05, 2.4058e+00, 1.7485e-02, 
 2DIAGNOSTIC,    39, -3.766626492143e-02, 5.156729093869e-05, 2.4221e+00, 1.6331e-02, 
 2DIAGNOSTIC,    40, -3.768198564649e-02, 3.316182846902e-05, 2.4414e+00, 1.9263e-02, 
 2DIAGNOSTIC,    41, -3.770977631211e-02, 1.827927007980e-05, 2.4600e+00, 1.8642e-02, 
 2DIAGNOSTIC,    42, -3.767476230860e-02, 7.625890248164e-06, 2.4780e+00, 1.7971e-02, 
 2DIAGNOSTIC,    43, -3.767247125506e-02, 1.043463271344e-05, 2.4945e+00, 1.6575e-02, 
 2DIAGNOSTIC,    44, -3.768509626389e-02, 1.397611958964e-05, 2.5158e+00, 2.1215e-02, 
 2DIAGNOSTIC,    45, -3.768873214722e-02, 1.579163108545e-05, 2.5338e+00, 1.8026e-02, 
 2DIAGNOSTIC,    46, -3.767548128963e-02, 9.745652278070e-06, 2.5500e+00, 1.6215e-02, 
 2DIAGNOSTIC,    47, -3.767991811037e-02, 5.212490123085e-06, 2.5685e+00, 1.8460e-02, 
DIAGNOSTIC,Iteration,metricValue,convergenceValue,ITERATION_TIME_INDEX,SINCE_LAST
 2DIAGNOSTIC,     1, -2.820429950953e-02, inf, 3.8060e+00, 1.2375e+00, 
 2DIAGNOSTIC,     2, -2.892020717263e-02, inf, 3.9030e+00, 9.7062e-02, 
 2DIAGNOSTIC,     3, -3.014861792326e-02, inf, 4.0205e+00, 1.1750e-01, 
 2DIAGNOSTIC,     4, -3.054524399340e-02, inf, 4.1340e+00, 1.1348e-01, 
 2DIAGNOSTIC,     5, -3.059294074774e-02, inf, 4.2275e+00, 9.3502e-02, 
 2DIAGNOSTIC,     6, -3.067153692245e-02, inf, 4.3445e+00, 1.1700e-01, 
 2DIAGNOSTIC,     7, -3.091944009066e-02, inf, 4.4885e+00, 1.4400e-01, 
 2DIAGNOSTIC,     8, -3.101494163275e-02, inf, 4.6015e+00, 1.1303e-01, 
 2DIAGNOSTIC,     9, -3.102440573275e-02, inf, 4.7145e+00, 1.1298e-01, 
 2DIAGNOSTIC,    10, -3.102878853679e-02, 5.122114438564e-03, 4.8332e+00, 1.1867e-01, 
 2DIAGNOSTIC,    11, -3.103292360902e-02, 2.942835446447e-03, 4.9328e+00, 9.9614e-02, 
 2DIAGNOSTIC,    12, -3.103606030345e-02, 1.403744448908e-03, 5.0456e+00, 1.1283e-01, 
 2DIAGNOSTIC,    13, -3.104791790247e-02, 8.605571929365e-04, 5.1471e+00, 1.0151e-01, 
 2DIAGNOSTIC,    14, -3.105359710753e-02, 5.880032549612e-04, 5.2494e+00, 1.0223e-01, 
 2DIAGNOSTIC,    15, -3.106377087533e-02, 3.362220886629e-04, 5.3501e+00, 1.0069e-01, 
 2DIAGNOSTIC,    16, -3.108583576977e-02, 1.408123789588e-04, 5.4519e+00, 1.0182e-01, 
 2DIAGNOSTIC,    17, -3.111009858549e-02, 1.029093837133e-04, 5.6186e+00, 1.6676e-01, 
 2DIAGNOSTIC,    18, -3.111715056002e-02, 1.124634000007e-04, 5.7337e+00, 1.1510e-01, 
 2DIAGNOSTIC,    19, -3.111653402448e-02, 1.151855467469e-04, 5.8305e+00, 9.6802e-02, 
 2DIAGNOSTIC,    20, -3.112453967333e-02, 1.129827214754e-04, 5.9574e+00, 1.2690e-01, 
 2DIAGNOSTIC,    21, -3.112000413239e-02, 1.002383723971e-04, 6.0684e+00, 1.1099e-01, 
 2DIAGNOSTIC,    22, -3.113179281354e-02, 8.555773092667e-05, 6.1969e+00, 1.2850e-01, 
 2DIAGNOSTIC,    23, -3.112417273223e-02, 6.594967999263e-05, 6.3126e+00, 1.1566e-01, 
 2DIAGNOSTIC,    24, -3.112788684666e-02, 4.579700544127e-05, 6.4260e+00, 1.1340e-01, 
 2DIAGNOSTIC,    25, -3.112935833633e-02, 2.727526225499e-05, 6.5518e+00, 1.2578e-01, 
 2DIAGNOSTIC,    26, -3.113050386310e-02, 1.572709879838e-05, 6.6619e+00, 1.1017e-01, 
 2DIAGNOSTIC,    27, -3.112952597439e-02, 1.157177939604e-05, 6.7634e+00, 1.0145e-01, 
 2DIAGNOSTIC,    28, -3.112865239382e-02, 8.830508704705e-06, 6.8710e+00, 1.0764e-01, 
 2DIAGNOSTIC,    29, -3.112993389368e-02, 5.734481419495e-06, 6.9900e+00, 1.1895e-01, 
 2DIAGNOSTIC,    30, -3.112962841988e-02, 4.787844318344e-06, 7.0826e+00, 9.2600e-02, 
 2DIAGNOSTIC,    31, -3.113047033548e-02, 2.340132596146e-06, 7.1911e+00, 1.0849e-01, 
 2DIAGNOSTIC,    32, -3.113288059831e-02, 4.095298208995e-06, 7.2886e+00, 9.7536e-02, 
 2DIAGNOSTIC,    33, -3.113610669971e-02, 4.190227627987e-06, 7.4003e+00, 1.1175e-01, 
 2DIAGNOSTIC,    34, -3.113884106278e-02, 5.689986664947e-06, 7.5875e+00, 1.8714e-01, 
 2DIAGNOSTIC,    35, -3.113858401775e-02, 6.955535809539e-06, 7.7102e+00, 1.2276e-01, 
 2DIAGNOSTIC,    36, -3.113866224885e-02, 7.916712092992e-06, 7.8864e+00, 1.7615e-01, 
 2DIAGNOSTIC,    37, -3.113864921033e-02, 7.915295100247e-06, 7.9986e+00, 1.1218e-01, 
 2DIAGNOSTIC,    38, -3.113863803446e-02, 7.003598057054e-06, 8.1275e+00, 1.2897e-01, 
 2DIAGNOSTIC,    39, -3.113865293562e-02, 5.858260919922e-06, 8.2394e+00, 1.1189e-01, 
 2DIAGNOSTIC,    40, -3.113867528737e-02, 4.236905169819e-06, 8.3507e+00, 1.1129e-01, 
 2DIAGNOSTIC,    41, -3.113774769008e-02, 2.351192051719e-06, 8.4623e+00, 1.1157e-01, 
  Elapsed time (stage 0): 8.7087e+00


Total elapsed time: 8.7100e+00
Transforming MT-off to MNI
Transforming MT-on to MNI
