Loading spm/spm12
  Loading requirement: matlab/r2019a
Non-commercial use only - see $FSLDIR/LICENSE
N4 bias corrrection
Centring images
MATLAB is selecting SOFTWARE OPENGL rendering.

Written new image at:
	/home/tom29/rds/hpc-work/cbbu_BIDS/sub-38/anat/sub-38_acq-LC_mt-on_MTS_N4_centred.nii

MATLAB is selecting SOFTWARE OPENGL rendering.

Written new image at:
	/home/tom29/rds/hpc-work/cbbu_BIDS/sub-38/anat/sub-38_acq-LC_mt-off_MTS_N4_centred.nii

Registering MT-on to MT-off
All_Command_lines_OK
Using single precision for computations.
  number of levels = 4
  fixed image: /home/tom29/rds/hpc-work/cbbu_BIDS/sub-38/anat/sub-38_acq-LC_mt-off_MTS_N4_centred.nii.gz
  moving image: /home/tom29/rds/hpc-work/cbbu_BIDS/sub-38/anat/sub-38_acq-LC_mt-on_MTS_N4_centred.nii.gz
Dimension = 3
Number of stages = 1
Use histogram matching = false
Winsorize image intensities = true
  Lower quantile = 0.005
  Upper quantile = 0.995


Stage 1 State
   Image metric = MattesMI
     Fixed image = Image (0x34763c0)
  RTTI typeinfo:   itk::Image<float, 3u>
  Reference Count: 2
  Modified Time: 1076
  Debug: Off
  Object Name: 
  Observers: 
    none
  Source: (none)
  Source output name: (none)
  Release Data: Off
  Data Released: False
  Global Release Data: Off
  PipelineMTime: 0
  UpdateMTime: 685
  RealTimeStamp: 0 seconds 
  LargestPossibleRegion: 
    Dimension: 3
    Index: [0, 0, 0]
    Size: [448, 448, 112]
  BufferedRegion: 
    Dimension: 3
    Index: [0, 0, 0]
    Size: [448, 448, 112]
  RequestedRegion: 
    Dimension: 3
    Index: [0, 0, 0]
    Size: [448, 448, 112]
  Spacing: [0.428571, 0.428571, 0.5]
  Origin: [95.3453, 119.461, -28.3581]
  Direction: 
-0.99929 0.0115228 0.0358748
-0.021809 -0.95328 -0.3013
0.0307269 -0.301868 0.952854

  IndexToPointMatrix: 
-0.428267 0.00493832 0.0179374
-0.00934671 -0.408549 -0.15065
0.0131687 -0.129372 0.476427

  PointToIndexMatrix: 
-2.33168 -0.0508876 0.0716962
0.0268864 -2.22432 -0.704359
0.0717496 -0.6026 1.90571

  Inverse Direction: 
-0.99929 -0.021809 0.0307269
0.0115228 -0.95328 -0.301868
0.0358748 -0.3013 0.952854

  PixelContainer: 
    ImportImageContainer (0x3462890)
      RTTI typeinfo:   itk::ImportImageContainer<unsigned long, float>
      Reference Count: 1
      Modified Time: 682
      Debug: Off
      Object Name: 
      Observers: 
        none
      Pointer: 0x15508d755010
      Container manages memory: true
      Size: 22478848
      Capacity: 22478848

     Moving image = Image (0x3479b60)
  RTTI typeinfo:   itk::Image<float, 3u>
  Reference Count: 2
  Modified Time: 1077
  Debug: Off
  Object Name: 
  Observers: 
    none
  Source: (none)
  Source output name: (none)
  Release Data: Off
  Data Released: False
  Global Release Data: Off
  PipelineMTime: 0
  UpdateMTime: 1074
  RealTimeStamp: 0 seconds 
  LargestPossibleRegion: 
    Dimension: 3
    Index: [0, 0, 0]
    Size: [448, 448, 112]
  BufferedRegion: 
    Dimension: 3
    Index: [0, 0, 0]
    Size: [448, 448, 112]
  RequestedRegion: 
    Dimension: 3
    Index: [0, 0, 0]
    Size: [448, 448, 112]
  Spacing: [0.428571, 0.428571, 0.5]
  Origin: [95.3453, 119.461, -28.3581]
  Direction: 
-0.99929 0.0115228 0.0358748
-0.021809 -0.95328 -0.3013
0.0307269 -0.301868 0.952854

  IndexToPointMatrix: 
-0.428267 0.00493832 0.0179374
-0.00934671 -0.408549 -0.15065
0.0131687 -0.129372 0.476427

  PointToIndexMatrix: 
-2.33168 -0.0508876 0.0716962
0.0268864 -2.22432 -0.704359
0.0717496 -0.6026 1.90571

  Inverse Direction: 
-0.99929 -0.021809 0.0307269
0.0115228 -0.95328 -0.301868
0.0358748 -0.3013 0.952854

  PixelContainer: 
    ImportImageContainer (0x3479b00)
      RTTI typeinfo:   itk::ImportImageContainer<unsigned long, float>
      Reference Count: 1
      Modified Time: 1071
      Debug: Off
      Object Name: 
      Observers: 
        none
      Pointer: 0x155088194010
      Container manages memory: true
      Size: 22478848
      Capacity: 22478848

     Weighting = 1
     Sampling strategy = regular
     Number of bins = 32
     Radius = 4
     Sampling percentage  = 0.25
   Transform = Rigid
     Gradient step = 0.1
     Update field sigma (voxel space) = 0
     Total field sigma (voxel space) = 0
     Update field time sigma = 0
     Total field time sigma  = 0
     Number of time indices = 0
     Number of time point samples = 0
Registration using 1 total stages.

Stage 0
  iterations = 1000x500x250x100
  convergence threshold = 1e-06
  convergence window size = 10
  number of levels = 4
  using the Mattes MI metric (number of bins = 32, weight = 1, use gradient filter = 0)
  preprocessing:  winsorizing the image intensities
  Shrink factors (level 1 out of 4): [8, 8, 7]
  Shrink factors (level 2 out of 4): [4, 4, 3]
  Shrink factors (level 3 out of 4): [2, 2, 2]
  Shrink factors (level 4 out of 4): [1, 1, 1]
  smoothing sigmas per level: [3, 2, 1, 0]
  regular sampling (percentage = 0.25)

*** Running Euler3DTransform registration ***

DIAGNOSTIC,Iteration,metricValue,convergenceValue,ITERATION_TIME_INDEX,SINCE_LAST
 2DIAGNOSTIC,     1, -1.595761418343e+00, inf, 5.8313e-01, 5.8313e-01, 
 2DIAGNOSTIC,     2, -1.602404713631e+00, inf, 5.8799e-01, 4.8599e-03, 
 2DIAGNOSTIC,     3, -1.603276968002e+00, inf, 5.9213e-01, 4.1361e-03, 
 2DIAGNOSTIC,     4, -1.603590488434e+00, inf, 5.9625e-01, 4.1161e-03, 
 2DIAGNOSTIC,     5, -1.603902459145e+00, inf, 6.0025e-01, 4.0059e-03, 
 2DIAGNOSTIC,     6, -1.604111671448e+00, inf, 6.0394e-01, 3.6881e-03, 
 2DIAGNOSTIC,     7, -1.604177236557e+00, inf, 6.0786e-01, 3.9229e-03, 
 2DIAGNOSTIC,     8, -1.604188561440e+00, inf, 6.1181e-01, 3.9470e-03, 
 2DIAGNOSTIC,     9, -1.604194998741e+00, inf, 6.1573e-01, 3.9201e-03, 
 2DIAGNOSTIC,    10, -1.604201912880e+00, 1.973801408894e-04, 6.2031e-01, 4.5850e-03, 
 2DIAGNOSTIC,    11, -1.604205250740e+00, 5.410421726992e-05, 6.2457e-01, 4.2560e-03, 
 2DIAGNOSTIC,    12, -1.604205608368e+00, 2.801374284900e-05, 6.2876e-01, 4.1881e-03, 
 2DIAGNOSTIC,    13, -1.604206323624e+00, 1.552457615617e-05, 6.3263e-01, 3.8741e-03, 
 2DIAGNOSTIC,    14, -1.604205846786e+00, 7.526976332883e-06, 6.3650e-01, 3.8719e-03, 
 2DIAGNOSTIC,    15, -1.604206323624e+00, 3.748014705707e-06, 6.4044e-01, 3.9380e-03, 
 2DIAGNOSTIC,    16, -1.604207038879e+00, 2.598962964839e-06, 6.4413e-01, 3.6910e-03, 
 2DIAGNOSTIC,    17, -1.604206919670e+00, 2.209503236372e-06, 6.4828e-01, 4.1471e-03, 
 2DIAGNOSTIC,    18, -1.604206800461e+00, 1.942117023646e-06, 6.5210e-01, 3.8171e-03, 
 2DIAGNOSTIC,    19, -1.604207515717e+00, 1.752211801431e-06, 6.5577e-01, 3.6759e-03, 
 2DIAGNOSTIC,    20, -1.604207873344e+00, 1.637561240386e-06, 6.5970e-01, 3.9291e-03, 
 2DIAGNOSTIC,    21, -1.604207277298e+00, 1.552423327666e-06, 6.6361e-01, 3.9120e-03, 
 2DIAGNOSTIC,    22, -1.604208111763e+00, 1.481280946791e-06, 6.6735e-01, 3.7370e-03, 
 2DIAGNOSTIC,    23, -1.604207873344e+00, 1.416781969965e-06, 6.7109e-01, 3.7389e-03, 
 2DIAGNOSTIC,    24, -1.604208230972e+00, 1.353564925921e-06, 6.7505e-01, 3.9549e-03, 
 2DIAGNOSTIC,    25, -1.604208827019e+00, 1.300196572629e-06, 6.7936e-01, 4.3170e-03, 
 2DIAGNOSTIC,    26, -1.604207754135e+00, 1.245937141903e-06, 6.8326e-01, 3.8972e-03, 
 2DIAGNOSTIC,    27, -1.604208230972e+00, 1.196294192596e-06, 6.8756e-01, 4.2970e-03, 
 2DIAGNOSTIC,    28, -1.604207873344e+00, 1.145226519839e-06, 6.9176e-01, 4.2081e-03, 
 2DIAGNOSTIC,    29, -1.604208111763e+00, 1.102595888369e-06, 6.9558e-01, 3.8190e-03, 
 2DIAGNOSTIC,    30, -1.604207754135e+00, 1.062370643012e-06, 6.9913e-01, 3.5498e-03, 
 2DIAGNOSTIC,    31, -1.604207873344e+00, 1.021849811877e-06, 7.0332e-01, 4.1831e-03, 
DIAGNOSTIC,Iteration,metricValue,convergenceValue,ITERATION_TIME_INDEX,SINCE_LAST
 2DIAGNOSTIC,     1, -1.495225429535e+00, inf, 1.3915e+00, 6.8820e-01, 
 2DIAGNOSTIC,     2, -1.495631814003e+00, inf, 1.4447e+00, 5.3191e-02, 
 2DIAGNOSTIC,     3, -1.495684862137e+00, inf, 1.4973e+00, 5.2571e-02, 
 2DIAGNOSTIC,     4, -1.495756506920e+00, inf, 1.5573e+00, 5.9977e-02, 
 2DIAGNOSTIC,     5, -1.495818853378e+00, inf, 1.6361e+00, 7.8823e-02, 
 2DIAGNOSTIC,     6, -1.495835661888e+00, inf, 1.6963e+00, 6.0207e-02, 
 2DIAGNOSTIC,     7, -1.495859265327e+00, inf, 1.7543e+00, 5.7981e-02, 
 2DIAGNOSTIC,     8, -1.495913267136e+00, inf, 1.8242e+00, 6.9923e-02, 
 2DIAGNOSTIC,     9, -1.495909333229e+00, inf, 1.8865e+00, 6.2269e-02, 
 2DIAGNOSTIC,    10, -1.495901226997e+00, 2.464028875693e-05, 1.9480e+00, 6.1563e-02, 
 2DIAGNOSTIC,    11, -1.495897531509e+00, 1.342906489299e-05, 1.9998e+00, 5.1762e-02, 
 2DIAGNOSTIC,    12, -1.495893239975e+00, 9.502786269877e-06, 2.0585e+00, 5.8745e-02, 
 2DIAGNOSTIC,    13, -1.495894312859e+00, 6.322759418254e-06, 2.1170e+00, 5.8450e-02, 
 2DIAGNOSTIC,    14, -1.495895147324e+00, 4.209044618619e-06, 2.1766e+00, 5.9643e-02, 
 2DIAGNOSTIC,    15, -1.495895743370e+00, 3.007384520970e-06, 2.2364e+00, 5.9803e-02, 
 2DIAGNOSTIC,    16, -1.495895743370e+00, 2.074595840895e-06, 2.2899e+00, 5.3493e-02, 
 2DIAGNOSTIC,    17, -1.495901584625e+00, 1.554527443659e-06, 2.3409e+00, 5.0956e-02, 
 2DIAGNOSTIC,    18, -1.495896100998e+00, 1.631466716390e-06, 2.4074e+00, 6.6512e-02, 
 2DIAGNOSTIC,    19, -1.495896220207e+00, 1.677994760030e-06, 2.4635e+00, 5.6132e-02, 
 2DIAGNOSTIC,    20, -1.495896220207e+00, 1.643316409172e-06, 2.5188e+00, 5.5285e-02, 
 2DIAGNOSTIC,    21, -1.495896100998e+00, 1.572851942910e-06, 2.5694e+00, 5.0614e-02, 
 2DIAGNOSTIC,    22, -1.495896339417e+00, 1.467650349696e-06, 2.6210e+00, 5.1609e-02, 
 2DIAGNOSTIC,    23, -1.495896816254e+00, 1.382742652822e-06, 2.6725e+00, 5.1458e-02, 
 2DIAGNOSTIC,    24, -1.495897293091e+00, 1.315990857620e-06, 2.7324e+00, 5.9921e-02, 
 2DIAGNOSTIC,    25, -1.495897412300e+00, 1.260730186914e-06, 2.7855e+00, 5.3064e-02, 
 2DIAGNOSTIC,    26, -1.495897650719e+00, 1.210953314512e-06, 2.8384e+00, 5.2907e-02, 
 2DIAGNOSTIC,    27, -1.495897889137e+00, 1.209924789691e-06, 2.8952e+00, 5.6850e-02, 
 2DIAGNOSTIC,    28, -1.495897889137e+00, 1.168643052551e-06, 2.9531e+00, 5.7835e-02, 
 2DIAGNOSTIC,    29, -1.495897889137e+00, 1.127909740717e-06, 3.0111e+00, 5.8036e-02, 
 2DIAGNOSTIC,    30, -1.495898127556e+00, 1.088556814466e-06, 3.0753e+00, 6.4173e-02, 
 2DIAGNOSTIC,    31, -1.495897889137e+00, 1.046848637998e-06, 3.1386e+00, 6.3338e-02, 
 2DIAGNOSTIC,    32, -1.495897889137e+00, 1.007195351121e-06, 3.2011e+00, 6.2451e-02, 
DIAGNOSTIC,Iteration,metricValue,convergenceValue,ITERATION_TIME_INDEX,SINCE_LAST
 2DIAGNOSTIC,     1, -1.405874490738e+00, inf, 4.2454e+00, 1.0444e+00, 
 2DIAGNOSTIC,     2, -1.406162738800e+00, inf, 4.4704e+00, 2.2500e-01, 
 2DIAGNOSTIC,     3, -1.406250715256e+00, inf, 4.6896e+00, 2.1911e-01, 
 2DIAGNOSTIC,     4, -1.406352996826e+00, inf, 4.9112e+00, 2.2165e-01, 
 2DIAGNOSTIC,     5, -1.406522035599e+00, inf, 5.1282e+00, 2.1703e-01, 
 2DIAGNOSTIC,     6, -1.406576514244e+00, inf, 5.3172e+00, 1.8901e-01, 
 2DIAGNOSTIC,     7, -1.406594634056e+00, inf, 5.5053e+00, 1.8807e-01, 
 2DIAGNOSTIC,     8, -1.406612873077e+00, inf, 5.7804e+00, 2.7507e-01, 
 2DIAGNOSTIC,     9, -1.406610846519e+00, inf, 5.9944e+00, 2.1402e-01, 
 2DIAGNOSTIC,    10, -1.406609058380e+00, 3.353614738444e-05, 6.2051e+00, 2.1069e-01, 
 2DIAGNOSTIC,    11, -1.406609892845e+00, 2.101758946083e-05, 6.4272e+00, 2.2214e-01, 
 2DIAGNOSTIC,    12, -1.406609058380e+00, 1.381411766488e-05, 6.6350e+00, 2.0777e-01, 
 2DIAGNOSTIC,    13, -1.406608700752e+00, 8.067298949754e-06, 6.8535e+00, 2.1847e-01, 
 2DIAGNOSTIC,    14, -1.406610250473e+00, 4.073321179021e-06, 7.0646e+00, 2.1116e-01, 
 2DIAGNOSTIC,    15, -1.406610250473e+00, 2.710238049985e-06, 7.2816e+00, 2.1697e-01, 
 2DIAGNOSTIC,    16, -1.406609058380e+00, 2.132393319698e-06, 7.4681e+00, 1.8652e-01, 
 2DIAGNOSTIC,    17, -1.406611561775e+00, 1.848401552706e-06, 7.7663e+00, 2.9821e-01, 
 2DIAGNOSTIC,    18, -1.406611561775e+00, 1.802472411327e-06, 8.0129e+00, 2.4655e-01, 
 2DIAGNOSTIC,    19, -1.406611561775e+00, 1.736929220897e-06, 8.2760e+00, 2.6308e-01, 
 2DIAGNOSTIC,    20, -1.406611561775e+00, 1.654053903621e-06, 8.5013e+00, 2.2537e-01, 
 2DIAGNOSTIC,    21, -1.406610727310e+00, 1.573696522428e-06, 8.7086e+00, 2.0729e-01, 
 2DIAGNOSTIC,    22, -1.406610965729e+00, 1.489814962952e-06, 8.9239e+00, 2.1524e-01, 
 2DIAGNOSTIC,    23, -1.406610727310e+00, 1.403099417985e-06, 9.1332e+00, 2.0935e-01, 
 2DIAGNOSTIC,    24, -1.406610608101e+00, 1.333972022621e-06, 9.3487e+00, 2.1553e-01, 
 2DIAGNOSTIC,    25, -1.406610727310e+00, 1.271123551305e-06, 9.5510e+00, 2.0230e-01, 
 2DIAGNOSTIC,    26, -1.406610727310e+00, 1.203448164233e-06, 9.7794e+00, 2.2834e-01, 
 2DIAGNOSTIC,    27, -1.406610727310e+00, 1.161408363259e-06, 9.9892e+00, 2.0981e-01, 
 2DIAGNOSTIC,    28, -1.406610608101e+00, 1.123037236539e-06, 1.0197e+01, 2.0792e-01, 
 2DIAGNOSTIC,    29, -1.406610608101e+00, 1.088546355277e-06, 1.0408e+01, 2.1042e-01, 
 2DIAGNOSTIC,    30, -1.406610250473e+00, 1.054874701367e-06, 1.0628e+01, 2.2000e-01, 
 2DIAGNOSTIC,    31, -1.406610369682e+00, 1.019209548758e-06, 1.0853e+01, 2.2594e-01, 
DIAGNOSTIC,Iteration,metricValue,convergenceValue,ITERATION_TIME_INDEX,SINCE_LAST
 2DIAGNOSTIC,     1, -1.283918619156e+00, inf, 1.3805e+01, 2.9516e+00, 
 2DIAGNOSTIC,     2, -1.284451603889e+00, inf, 1.4983e+01, 1.1784e+00, 
 2DIAGNOSTIC,     3, -1.284496426582e+00, inf, 1.6209e+01, 1.2259e+00, 
 2DIAGNOSTIC,     4, -1.284511089325e+00, inf, 1.7585e+01, 1.3761e+00, 
 2DIAGNOSTIC,     5, -1.284512042999e+00, inf, 1.8721e+01, 1.1360e+00, 
 2DIAGNOSTIC,     6, -1.284512877464e+00, inf, 1.9818e+01, 1.0970e+00, 
 2DIAGNOSTIC,     7, -1.284512639046e+00, inf, 2.1061e+01, 1.2429e+00, 
 2DIAGNOSTIC,     8, -1.284513592720e+00, inf, 2.2292e+01, 1.2311e+00, 
 2DIAGNOSTIC,     9, -1.284512996674e+00, inf, 2.3439e+01, 1.1463e+00, 
 2DIAGNOSTIC,    10, -1.284512758255e+00, 1.780015736585e-05, 2.4535e+01, 1.0961e+00, 
 2DIAGNOSTIC,    11, -1.284512996674e+00, 4.454555437405e-06, 2.5663e+01, 1.1286e+00, 
 2DIAGNOSTIC,    12, -1.284512639046e+00, 2.993802581841e-06, 2.6809e+01, 1.1453e+00, 
 2DIAGNOSTIC,    13, -1.284512758255e+00, 2.484978722350e-06, 2.7926e+01, 1.1171e+00, 
 2DIAGNOSTIC,    14, -1.284513235092e+00, 2.284398078700e-06, 2.9019e+01, 1.0928e+00, 
 2DIAGNOSTIC,    15, -1.284512996674e+00, 2.119649025190e-06, 3.0244e+01, 1.2254e+00, 
 2DIAGNOSTIC,    16, -1.284513235092e+00, 1.990726104850e-06, 3.1605e+01, 1.3608e+00, 
 2DIAGNOSTIC,    17, -1.284513235092e+00, 1.873169708233e-06, 3.2750e+01, 1.1451e+00, 
 2DIAGNOSTIC,    18, -1.284513115883e+00, 1.778934006325e-06, 3.3878e+01, 1.1281e+00, 
 2DIAGNOSTIC,    19, -1.284512877464e+00, 1.683861341917e-06, 3.4989e+01, 1.1108e+00, 
 2DIAGNOSTIC,    20, -1.284512519836e+00, 1.590781721461e-06, 3.6095e+01, 1.1059e+00, 
 2DIAGNOSTIC,    21, -1.284512639046e+00, 1.510541665084e-06, 3.7241e+01, 1.1462e+00, 
 2DIAGNOSTIC,    22, -1.284512877464e+00, 1.436657612430e-06, 3.8374e+01, 1.1326e+00, 
 2DIAGNOSTIC,    23, -1.284512996674e+00, 1.372158749291e-06, 3.9510e+01, 1.1367e+00, 
 2DIAGNOSTIC,    24, -1.284512877464e+00, 1.317511191701e-06, 4.0523e+01, 1.0130e+00, 
 2DIAGNOSTIC,    25, -1.284512758255e+00, 1.264871912099e-06, 4.1641e+01, 1.1175e+00, 
 2DIAGNOSTIC,    26, -1.284512877464e+00, 1.220010403813e-06, 4.2760e+01, 1.1194e+00, 
 2DIAGNOSTIC,    27, -1.284512996674e+00, 1.179636683446e-06, 4.3870e+01, 1.1094e+00, 
 2DIAGNOSTIC,    28, -1.284512996674e+00, 1.141051257036e-06, 4.4986e+01, 1.1160e+00, 
 2DIAGNOSTIC,    29, -1.284512877464e+00, 1.102089868255e-06, 4.6204e+01, 1.2184e+00, 
 2DIAGNOSTIC,    30, -1.284512877464e+00, 1.062663386620e-06, 4.7334e+01, 1.1295e+00, 
 2DIAGNOSTIC,    31, -1.284512758255e+00, 1.025484721140e-06, 4.8487e+01, 1.1533e+00, 
  Elapsed time (stage 0): 4.9426e+01


Total elapsed time: 4.9436e+01
Registering MT-off to MP2RAGE
All_Command_lines_OK
Using single precision for computations.
  Reading mask(s).
    Registration stage 0
      Fixed mask = /home/tom29/rds/hpc-work/cbbu_BIDS/sub-38/anat/sub-38_mask_centred.nii.gz
 file NULL does not exist . 
      No moving mask
  number of levels = 4
  fixed image: /home/tom29/rds/hpc-work/cbbu_BIDS/sub-38/anat/sub-38_acq-whole_UNI_MP2RAGE_brain_N4_centred.nii.gz
  moving image: /home/tom29/rds/hpc-work/cbbu_BIDS/sub-38/anat/sub-38_acq-LC_mt-off_MTS_N4_centred.nii.gz
Dimension = 3
Number of stages = 1
Use histogram matching = false
Winsorize image intensities = true
  Lower quantile = 0.005
  Upper quantile = 0.995


Stage 1 State
   Image metric = MattesMI
     Fixed image = Image (0x37fe9e0)
  RTTI typeinfo:   itk::Image<float, 3u>
  Reference Count: 2
  Modified Time: 1519
  Debug: Off
  Object Name: 
  Observers: 
    none
  Source: (none)
  Source output name: (none)
  Release Data: Off
  Data Released: False
  Global Release Data: Off
  PipelineMTime: 0
  UpdateMTime: 1128
  RealTimeStamp: 0 seconds 
  LargestPossibleRegion: 
    Dimension: 3
    Index: [0, 0, 0]
    Size: [224, 300, 320]
  BufferedRegion: 
    Dimension: 3
    Index: [0, 0, 0]
    Size: [224, 300, 320]
  RequestedRegion: 
    Dimension: 3
    Index: [0, 0, 0]
    Size: [224, 300, 320]
  Spacing: [0.75, 0.75, 0.75]
  Origin: [81.605, 118.14, -112.905]
  Direction: 
-0.999921 0.01254 -0.000846984
-0.012541 -0.999921 0.00111037
-0.000832993 0.00112091 0.999999

  IndexToPointMatrix: 
-0.749941 0.00940502 -0.000635238
-0.00940573 -0.749941 0.000832779
-0.000624745 0.00084068 0.749999

  PointToIndexMatrix: 
-1.33323 -0.0167213 -0.00111066
0.01672 -1.33323 0.00149454
-0.00112931 0.0014805 1.33333

  Inverse Direction: 
-0.999921 -0.012541 -0.000832993
0.01254 -0.999921 0.00112091
-0.000846984 0.00111037 0.999999

  PixelContainer: 
    ImportImageContainer (0x37edb40)
      RTTI typeinfo:   itk::ImportImageContainer<unsigned long, float>
      Reference Count: 1
      Modified Time: 1125
      Debug: Off
      Object Name: 
      Observers: 
        none
      Pointer: 0x145be2553010
      Container manages memory: true
      Size: 21504000
      Capacity: 21504000

     Moving image = Image (0x3809a40)
  RTTI typeinfo:   itk::Image<float, 3u>
  Reference Count: 2
  Modified Time: 1520
  Debug: Off
  Object Name: 
  Observers: 
    none
  Source: (none)
  Source output name: (none)
  Release Data: Off
  Data Released: False
  Global Release Data: Off
  PipelineMTime: 0
  UpdateMTime: 1517
  RealTimeStamp: 0 seconds 
  LargestPossibleRegion: 
    Dimension: 3
    Index: [0, 0, 0]
    Size: [448, 448, 112]
  BufferedRegion: 
    Dimension: 3
    Index: [0, 0, 0]
    Size: [448, 448, 112]
  RequestedRegion: 
    Dimension: 3
    Index: [0, 0, 0]
    Size: [448, 448, 112]
  Spacing: [0.428571, 0.428571, 0.5]
  Origin: [95.3453, 119.461, -28.3581]
  Direction: 
-0.99929 0.0115228 0.0358748
-0.021809 -0.95328 -0.3013
0.0307269 -0.301868 0.952854

  IndexToPointMatrix: 
-0.428267 0.00493832 0.0179374
-0.00934671 -0.408549 -0.15065
0.0131687 -0.129372 0.476427

  PointToIndexMatrix: 
-2.33168 -0.0508876 0.0716962
0.0268864 -2.22432 -0.704359
0.0717496 -0.6026 1.90571

  Inverse Direction: 
-0.99929 -0.021809 0.0307269
0.0115228 -0.95328 -0.301868
0.0358748 -0.3013 0.952854

  PixelContainer: 
    ImportImageContainer (0x3801cc0)
      RTTI typeinfo:   itk::ImportImageContainer<unsigned long, float>
      Reference Count: 1
      Modified Time: 1514
      Debug: Off
      Object Name: 
      Observers: 
        none
      Pointer: 0x145bdcf92010
      Container manages memory: true
      Size: 22478848
      Capacity: 22478848

     Weighting = 1
     Sampling strategy = regular
     Number of bins = 32
     Radius = 4
     Sampling percentage  = 0.25
   Transform = Rigid
     Gradient step = 0.1
     Update field sigma (voxel space) = 0
     Total field sigma (voxel space) = 0
     Update field time sigma = 0
     Total field time sigma  = 0
     Number of time indices = 0
     Number of time point samples = 0
Registration using 1 total stages.

Stage 0
  iterations = 1000x500x250x100
  convergence threshold = 1e-06
  convergence window size = 10
  number of levels = 4
  using the Mattes MI metric (number of bins = 32, weight = 1, use gradient filter = 0)
  preprocessing:  winsorizing the image intensities
  Shrink factors (level 1 out of 4): [8, 8, 8]
  Shrink factors (level 2 out of 4): [4, 4, 4]
  Shrink factors (level 3 out of 4): [2, 2, 2]
  Shrink factors (level 4 out of 4): [1, 1, 1]
  smoothing sigmas per level: [3, 2, 1, 0]
  regular sampling (percentage = 0.25)

*** Running Euler3DTransform registration ***

DIAGNOSTIC,Iteration,metricValue,convergenceValue,ITERATION_TIME_INDEX,SINCE_LAST
 2DIAGNOSTIC,     1, -2.290617674589e-01, inf, 4.7987e-01, 4.7987e-01, 
 2DIAGNOSTIC,     2, -2.300588041544e-01, inf, 4.8070e-01, 8.3303e-04, 
 2DIAGNOSTIC,     3, -2.299033850431e-01, inf, 4.8146e-01, 7.6079e-04, 
 2DIAGNOSTIC,     4, -2.298438698053e-01, inf, 4.8220e-01, 7.4005e-04, 
 2DIAGNOSTIC,     5, -2.291755676270e-01, inf, 4.8284e-01, 6.4111e-04, 
 2DIAGNOSTIC,     6, -2.335536032915e-01, inf, 4.8350e-01, 6.5804e-04, 
 2DIAGNOSTIC,     7, -2.362417131662e-01, inf, 4.8416e-01, 6.5899e-04, 
 2DIAGNOSTIC,     8, -2.404288202524e-01, inf, 4.8495e-01, 7.8917e-04, 
 2DIAGNOSTIC,     9, -2.452635914087e-01, inf, 4.8597e-01, 1.0202e-03, 
 2DIAGNOSTIC,    10, -2.479618042707e-01, 5.234537180513e-03, 4.8683e-01, 8.6284e-04, 
 2DIAGNOSTIC,    11, -2.565194964409e-01, 6.406328175217e-03, 4.8776e-01, 9.2602e-04, 
 2DIAGNOSTIC,    12, -2.595851719379e-01, 7.171757519245e-03, 4.8854e-01, 7.8797e-04, 
 2DIAGNOSTIC,    13, -2.596375346184e-01, 7.159920409322e-03, 4.8932e-01, 7.7701e-04, 
 2DIAGNOSTIC,    14, -2.609639465809e-01, 6.622565910220e-03, 4.9024e-01, 9.2411e-04, 
 2DIAGNOSTIC,    15, -2.614819407463e-01, 5.539910867810e-03, 4.9105e-01, 8.0585e-04, 
 2DIAGNOSTIC,    16, -2.616018354893e-01, 4.415158648044e-03, 4.9194e-01, 8.8716e-04, 
 2DIAGNOSTIC,    17, -2.617047429085e-01, 3.211569273844e-03, 4.9308e-01, 1.1470e-03, 
 2DIAGNOSTIC,    18, -2.612060606480e-01, 2.092709997669e-03, 4.9391e-01, 8.2898e-04, 
 2DIAGNOSTIC,    19, -2.614343166351e-01, 1.215761527419e-03, 4.9487e-01, 9.5487e-04, 
 2DIAGNOSTIC,    20, -2.613815367222e-01, 4.571697500069e-04, 4.9567e-01, 7.9703e-04, 
 2DIAGNOSTIC,    21, -2.615905702114e-01, 2.056806115434e-04, 4.9675e-01, 1.0822e-03, 
 2DIAGNOSTIC,    22, -2.616184055805e-01, 1.206476881634e-04, 4.9752e-01, 7.7009e-04, 
 2DIAGNOSTIC,    23, -2.616550624371e-01, 3.556792216841e-05, 4.9831e-01, 7.8893e-04, 
 2DIAGNOSTIC,    24, -2.617297768593e-01, 2.053026946669e-05, 4.9906e-01, 7.5412e-04, 
 2DIAGNOSTIC,    25, -2.617843747139e-01, 3.036914858967e-05, 4.9993e-01, 8.6713e-04, 
 2DIAGNOSTIC,    26, -2.618798613548e-01, 4.568914664560e-05, 5.0122e-01, 1.2879e-03, 
 2DIAGNOSTIC,    27, -2.619567513466e-01, 6.376021337928e-05, 5.0205e-01, 8.3399e-04, 
 2DIAGNOSTIC,    28, -2.619777917862e-01, 5.514770964510e-05, 5.0287e-01, 8.2207e-04, 
 2DIAGNOSTIC,    29, -2.620131671429e-01, 5.249297828414e-05, 5.0369e-01, 8.1801e-04, 
 2DIAGNOSTIC,    30, -2.621681094170e-01, 4.877428000327e-05, 5.0466e-01, 9.7179e-04, 
 2DIAGNOSTIC,    31, -2.623467445374e-01, 5.467563096317e-05, 5.0549e-01, 8.2707e-04, 
 2DIAGNOSTIC,    32, -2.623554468155e-01, 5.627403152175e-05, 5.0677e-01, 1.2798e-03, 
 2DIAGNOSTIC,    33, -2.623907029629e-01, 5.510829942068e-05, 5.0753e-01, 7.6485e-04, 
 2DIAGNOSTIC,    34, -2.624140083790e-01, 5.216385397944e-05, 5.0829e-01, 7.5197e-04, 
 2DIAGNOSTIC,    35, -2.624501585960e-01, 4.727572013508e-05, 5.0944e-01, 1.1511e-03, 
 2DIAGNOSTIC,    36, -2.624589502811e-01, 4.134370828979e-05, 5.1026e-01, 8.2397e-04, 
 2DIAGNOSTIC,    37, -2.625083029270e-01, 3.576901508495e-05, 5.1121e-01, 9.4914e-04, 
 2DIAGNOSTIC,    38, -2.625362873077e-01, 2.868610681617e-05, 5.1202e-01, 8.0800e-04, 
 2DIAGNOSTIC,    39, -2.625586986542e-01, 2.089831468766e-05, 5.1283e-01, 8.1491e-04, 
 2DIAGNOSTIC,    40, -2.625704109669e-01, 1.611338484508e-05, 5.1372e-01, 8.8811e-04, 
 2DIAGNOSTIC,    41, -2.625779509544e-01, 1.518041608506e-05, 5.1446e-01, 7.3600e-04, 
 2DIAGNOSTIC,    42, -2.625893354416e-01, 1.343129952147e-05, 5.1541e-01, 9.5010e-04, 
 2DIAGNOSTIC,    43, -2.626023888588e-01, 1.178467664431e-05, 5.1616e-01, 7.5603e-04, 
 2DIAGNOSTIC,    44, -2.626306712627e-01, 1.044554664986e-05, 5.1706e-01, 9.0194e-04, 
 2DIAGNOSTIC,    45, -2.626390159130e-01, 9.339017196908e-06, 5.1795e-01, 8.8501e-04, 
 2DIAGNOSTIC,    46, -2.626473903656e-01, 7.857647688070e-06, 5.1881e-01, 8.6308e-04, 
 2DIAGNOSTIC,    47, -2.626484036446e-01, 6.939231752767e-06, 5.1985e-01, 1.0340e-03, 
 2DIAGNOSTIC,    48, -2.626482844353e-01, 6.093537649576e-06, 5.2073e-01, 8.8382e-04, 
 2DIAGNOSTIC,    49, -2.626485228539e-01, 5.266534117254e-06, 5.2147e-01, 7.4005e-04, 
 2DIAGNOSTIC,    50, -2.626487016678e-01, 4.292982794141e-06, 5.2225e-01, 7.7915e-04, 
 2DIAGNOSTIC,    51, -2.626494169235e-01, 3.191122914359e-06, 5.2302e-01, 7.7105e-04, 
 2DIAGNOSTIC,    52, -2.626509964466e-01, 2.164638090107e-06, 5.2392e-01, 8.9598e-04, 
 2DIAGNOSTIC,    53, -2.626520991325e-01, 1.312920403507e-06, 5.2489e-01, 9.7394e-04, 
 2DIAGNOSTIC,    54, -2.626541554928e-01, 1.045107183018e-06, 5.2602e-01, 1.1311e-03, 
DIAGNOSTIC,Iteration,metricValue,convergenceValue,ITERATION_TIME_INDEX,SINCE_LAST
 2DIAGNOSTIC,     1, -5.430603399873e-02, inf, 1.0306e+00, 5.0460e-01, 
 2DIAGNOSTIC,     2, -5.434965714812e-02, inf, 1.0340e+00, 3.4261e-03, 
 2DIAGNOSTIC,     3, -5.431649833918e-02, inf, 1.0367e+00, 2.6190e-03, 
 2DIAGNOSTIC,     4, -5.425602570176e-02, inf, 1.0392e+00, 2.5120e-03, 
 2DIAGNOSTIC,     5, -5.439728125930e-02, inf, 1.0416e+00, 2.4500e-03, 
 2DIAGNOSTIC,     6, -5.480924248695e-02, inf, 1.0445e+00, 2.8510e-03, 
 2DIAGNOSTIC,     7, -5.554437637329e-02, inf, 1.0473e+00, 2.8028e-03, 
 2DIAGNOSTIC,     8, -5.598122626543e-02, inf, 1.0501e+00, 2.8112e-03, 
 2DIAGNOSTIC,     9, -5.642075836658e-02, inf, 1.0529e+00, 2.8541e-03, 
 2DIAGNOSTIC,    10, -5.685111135244e-02, 3.196080448106e-03, 1.0561e+00, 3.2039e-03, 
 2DIAGNOSTIC,    11, -5.714297294617e-02, 3.454469377175e-03, 1.0589e+00, 2.7781e-03, 
 2DIAGNOSTIC,    12, -5.717419460416e-02, 3.387796226889e-03, 1.0613e+00, 2.4111e-03, 
 2DIAGNOSTIC,    13, -5.710079148412e-02, 2.988302148879e-03, 1.0645e+00, 3.1960e-03, 
 2DIAGNOSTIC,    14, -5.712324380875e-02, 2.366171451285e-03, 1.0669e+00, 2.3830e-03, 
 2DIAGNOSTIC,    15, -5.680276453495e-02, 1.550938352011e-03, 1.0699e+00, 2.9430e-03, 
 2DIAGNOSTIC,    16, -5.664817988873e-02, 7.772799581289e-04, 1.0723e+00, 2.4791e-03, 
 2DIAGNOSTIC,    17, -5.657867342234e-02, 2.235810097773e-04, 1.0748e+00, 2.4569e-03, 
DIAGNOSTIC,Iteration,metricValue,convergenceValue,ITERATION_TIME_INDEX,SINCE_LAST
 2DIAGNOSTIC,     1, -2.044606767595e-02, inf, 1.7280e+00, 6.5323e-01, 
 2DIAGNOSTIC,     2, -2.080846019089e-02, inf, 1.7500e+00, 2.1920e-02, 
 2DIAGNOSTIC,     3, -2.139183320105e-02, inf, 1.7701e+00, 2.0156e-02, 
 2DIAGNOSTIC,     4, -2.211193181574e-02, inf, 1.7925e+00, 2.2416e-02, 
 2DIAGNOSTIC,     5, -2.293547801673e-02, inf, 1.8118e+00, 1.9311e-02, 
 2DIAGNOSTIC,     6, -2.325279824436e-02, inf, 1.8300e+00, 1.8158e-02, 
 2DIAGNOSTIC,     7, -2.421614900231e-02, inf, 1.8788e+00, 4.8826e-02, 
 2DIAGNOSTIC,     8, -2.423912659287e-02, inf, 1.8975e+00, 1.8728e-02, 
 2DIAGNOSTIC,     9, -2.428582310677e-02, inf, 1.9164e+00, 1.8833e-02, 
 2DIAGNOSTIC,    10, -2.431455627084e-02, 1.239388249815e-02, 1.9343e+00, 1.7967e-02, 
 2DIAGNOSTIC,    11, -2.432920597494e-02, 9.428367018700e-03, 1.9542e+00, 1.9892e-02, 
 2DIAGNOSTIC,    12, -2.432692795992e-02, 6.501786410809e-03, 1.9706e+00, 1.6410e-02, 
 2DIAGNOSTIC,    13, -2.433838509023e-02, 4.016967490315e-03, 1.9897e+00, 1.9098e-02, 
 2DIAGNOSTIC,    14, -2.434982545674e-02, 2.175101544708e-03, 2.0087e+00, 1.8997e-02, 
 2DIAGNOSTIC,    15, -2.436068654060e-02, 1.071713748388e-03, 2.0283e+00, 1.9557e-02, 
 2DIAGNOSTIC,    16, -2.442092075944e-02, 2.805953845382e-04, 2.0470e+00, 1.8704e-02, 
 2DIAGNOSTIC,    17, -2.442357502878e-02, 2.489434846211e-04, 2.0641e+00, 1.7069e-02, 
 2DIAGNOSTIC,    18, -2.443218044937e-02, 2.192947140429e-04, 2.0810e+00, 1.6921e-02, 
 2DIAGNOSTIC,    19, -2.451485767961e-02, 2.547838957980e-04, 2.1022e+00, 2.1240e-02, 
 2DIAGNOSTIC,    20, -2.452312409878e-02, 2.836287021637e-04, 2.1232e+00, 2.0919e-02, 
 2DIAGNOSTIC,    21, -2.451420761645e-02, 2.868193842005e-04, 2.1423e+00, 1.9136e-02, 
 2DIAGNOSTIC,    22, -2.450397051871e-02, 2.570550423115e-04, 2.1621e+00, 1.9774e-02, 
 2DIAGNOSTIC,    23, -2.452122978866e-02, 2.213754341938e-04, 2.1813e+00, 1.9255e-02, 
 2DIAGNOSTIC,    24, -2.453287318349e-02, 1.788025692804e-04, 2.2031e+00, 2.1816e-02, 
 2DIAGNOSTIC,    25, -2.452748455107e-02, 1.246377360076e-04, 2.2214e+00, 1.8220e-02, 
 2DIAGNOSTIC,    26, -2.451706491411e-02, 8.701575279702e-05, 2.2414e+00, 2.0058e-02, 
 2DIAGNOSTIC,    27, -2.451832592487e-02, 4.655962402467e-05, 2.2609e+00, 1.9498e-02, 
 2DIAGNOSTIC,    28, -2.451567538083e-02, 6.072345968278e-06, 2.2800e+00, 1.9133e-02, 
 2DIAGNOSTIC,    29, -2.451803907752e-02, 2.539300794524e-06, 2.2961e+00, 1.6052e-02, 
 2DIAGNOSTIC,    30, -2.451613731682e-02, 1.803373493203e-06, 2.3148e+00, 1.8712e-02, 
DIAGNOSTIC,Iteration,metricValue,convergenceValue,ITERATION_TIME_INDEX,SINCE_LAST
 2DIAGNOSTIC,     1, -1.675733551383e-02, inf, 3.6289e+00, 1.3141e+00, 
 2DIAGNOSTIC,     2, -1.711955480278e-02, inf, 3.7319e+00, 1.0302e-01, 
 2DIAGNOSTIC,     3, -1.774871721864e-02, inf, 3.8483e+00, 1.1641e-01, 
 2DIAGNOSTIC,     4, -1.825154200196e-02, inf, 3.9688e+00, 1.2050e-01, 
 2DIAGNOSTIC,     5, -1.824657805264e-02, inf, 4.0743e+00, 1.0543e-01, 
 2DIAGNOSTIC,     6, -1.831402443349e-02, inf, 4.1846e+00, 1.1029e-01, 
 2DIAGNOSTIC,     7, -1.845123991370e-02, inf, 4.3070e+00, 1.2243e-01, 
 2DIAGNOSTIC,     8, -1.868127286434e-02, inf, 4.4637e+00, 1.5671e-01, 
 2DIAGNOSTIC,     9, -1.875129900873e-02, inf, 4.5714e+00, 1.0772e-01, 
 2DIAGNOSTIC,    10, -1.891202479601e-02, 6.808136589825e-03, 4.6955e+00, 1.2407e-01, 
 2DIAGNOSTIC,    11, -1.898234896362e-02, 4.908066708595e-03, 4.8324e+00, 1.3692e-01, 
 2DIAGNOSTIC,    12, -1.898320578039e-02, 3.350880928338e-03, 4.9712e+00, 1.3883e-01, 
 2DIAGNOSTIC,    13, -1.898801885545e-02, 2.479535061866e-03, 5.1128e+00, 1.4160e-01, 
 2DIAGNOSTIC,    14, -1.898830197752e-02, 2.070177346468e-03, 5.2731e+00, 1.6030e-01, 
 2DIAGNOSTIC,    15, -1.898870430887e-02, 1.524363644421e-03, 5.3953e+00, 1.2214e-01, 
 2DIAGNOSTIC,    16, -1.898779347539e-02, 9.718606597744e-04, 5.5615e+00, 1.6620e-01, 
 2DIAGNOSTIC,    17, -1.898673735559e-02, 5.171386292204e-04, 5.6805e+00, 1.1903e-01, 
 2DIAGNOSTIC,    18, -1.898676529527e-02, 2.638747391757e-04, 5.7835e+00, 1.0293e-01, 
 2DIAGNOSTIC,    19, -1.898670941591e-02, 6.708221917506e-05, 5.9027e+00, 1.1923e-01, 
 2DIAGNOSTIC,    20, -1.898576505482e-02, 5.238950961939e-06, 6.0226e+00, 1.1991e-01, 
  Elapsed time (stage 0): 6.3079e+00


Total elapsed time: 6.3094e+00
Transforming MT-off to MNI
Transforming MT-on to MNI
