Loading spm/spm12
  Loading requirement: matlab/r2019a
Non-commercial use only - see $FSLDIR/LICENSE
N4 bias corrrection
Centring images
MATLAB is selecting SOFTWARE OPENGL rendering.

Written new image at:
	/home/tom29/rds/hpc-work/cbbu_BIDS/sub-08/anat/sub-08_acq-LC_mt-on_MTS_N4_centred.nii

MATLAB is selecting SOFTWARE OPENGL rendering.

Written new image at:
	/home/tom29/rds/hpc-work/cbbu_BIDS/sub-08/anat/sub-08_acq-LC_mt-off_MTS_N4_centred.nii

Registering MT-on to MT-off
All_Command_lines_OK
Using single precision for computations.
  number of levels = 4
  fixed image: /home/tom29/rds/hpc-work/cbbu_BIDS/sub-08/anat/sub-08_acq-LC_mt-off_MTS_N4_centred.nii.gz
  moving image: /home/tom29/rds/hpc-work/cbbu_BIDS/sub-08/anat/sub-08_acq-LC_mt-on_MTS_N4_centred.nii.gz
Dimension = 3
Number of stages = 1
Use histogram matching = false
Winsorize image intensities = true
  Lower quantile = 0.005
  Upper quantile = 0.995


Stage 1 State
   Image metric = MattesMI
     Fixed image = Image (0x34423c0)
  RTTI typeinfo:   itk::Image<float, 3u>
  Reference Count: 2
  Modified Time: 1076
  Debug: Off
  Object Name: 
  Observers: 
    none
  Source: (none)
  Source output name: (none)
  Release Data: Off
  Data Released: False
  Global Release Data: Off
  PipelineMTime: 0
  UpdateMTime: 685
  RealTimeStamp: 0 seconds 
  LargestPossibleRegion: 
    Dimension: 3
    Index: [0, 0, 0]
    Size: [448, 448, 112]
  BufferedRegion: 
    Dimension: 3
    Index: [0, 0, 0]
    Size: [448, 448, 112]
  RequestedRegion: 
    Dimension: 3
    Index: [0, 0, 0]
    Size: [448, 448, 112]
  Spacing: [0.428571, 0.428571, 0.5]
  Origin: [91.9205, 128.99, -25.0396]
  Direction: 
-0.999639 0.0154615 0.0219517
-0.0209602 -0.960327 -0.278087
0.0167812 -0.278447 0.960305

  IndexToPointMatrix: 
-0.428417 0.00662638 0.0109759
-0.00898294 -0.411569 -0.139044
0.00719194 -0.119334 0.480152

  PointToIndexMatrix: 
-2.33249 -0.0489071 0.0391561
0.0360769 -2.24076 -0.64971
0.0439035 -0.556175 1.92061

  Inverse Direction: 
-0.999639 -0.0209602 0.0167812
0.0154615 -0.960327 -0.278447
0.0219517 -0.278087 0.960305

  PixelContainer: 
    ImportImageContainer (0x342e890)
      RTTI typeinfo:   itk::ImportImageContainer<unsigned long, float>
      Reference Count: 1
      Modified Time: 682
      Debug: Off
      Object Name: 
      Observers: 
        none
      Pointer: 0x1530066de010
      Container manages memory: true
      Size: 22478848
      Capacity: 22478848

     Moving image = Image (0x3445b60)
  RTTI typeinfo:   itk::Image<float, 3u>
  Reference Count: 2
  Modified Time: 1077
  Debug: Off
  Object Name: 
  Observers: 
    none
  Source: (none)
  Source output name: (none)
  Release Data: Off
  Data Released: False
  Global Release Data: Off
  PipelineMTime: 0
  UpdateMTime: 1074
  RealTimeStamp: 0 seconds 
  LargestPossibleRegion: 
    Dimension: 3
    Index: [0, 0, 0]
    Size: [448, 448, 112]
  BufferedRegion: 
    Dimension: 3
    Index: [0, 0, 0]
    Size: [448, 448, 112]
  RequestedRegion: 
    Dimension: 3
    Index: [0, 0, 0]
    Size: [448, 448, 112]
  Spacing: [0.433036, 0.433036, 0.5]
  Origin: [92.9003, 129.966, -24.7791]
  Direction: 
-0.999639 0.0154615 0.0219517
-0.0209602 -0.960327 -0.278087
0.0167812 -0.278447 0.960305

  IndexToPointMatrix: 
-0.43288 0.0066954 0.0109759
-0.00907652 -0.415856 -0.139044
0.00726686 -0.120578 0.480152

  PointToIndexMatrix: 
-2.30845 -0.0484029 0.0387524
0.035705 -2.21766 -0.643012
0.0439035 -0.556175 1.92061

  Inverse Direction: 
-0.999639 -0.0209602 0.0167812
0.0154615 -0.960327 -0.278447
0.0219517 -0.278087 0.960305

  PixelContainer: 
    ImportImageContainer (0x3445b00)
      RTTI typeinfo:   itk::ImportImageContainer<unsigned long, float>
      Reference Count: 1
      Modified Time: 1071
      Debug: Off
      Object Name: 
      Observers: 
        none
      Pointer: 0x15300111d010
      Container manages memory: true
      Size: 22478848
      Capacity: 22478848

     Weighting = 1
     Sampling strategy = regular
     Number of bins = 32
     Radius = 4
     Sampling percentage  = 0.25
   Transform = Rigid
     Gradient step = 0.1
     Update field sigma (voxel space) = 0
     Total field sigma (voxel space) = 0
     Update field time sigma = 0
     Total field time sigma  = 0
     Number of time indices = 0
     Number of time point samples = 0
Registration using 1 total stages.

Stage 0
  iterations = 1000x500x250x100
  convergence threshold = 1e-06
  convergence window size = 10
  number of levels = 4
  using the Mattes MI metric (number of bins = 32, weight = 1, use gradient filter = 0)
  preprocessing:  winsorizing the image intensities
  Shrink factors (level 1 out of 4): [8, 8, 7]
  Shrink factors (level 2 out of 4): [4, 4, 3]
  Shrink factors (level 3 out of 4): [2, 2, 2]
  Shrink factors (level 4 out of 4): [1, 1, 1]
  smoothing sigmas per level: [3, 2, 1, 0]
  regular sampling (percentage = 0.25)

*** Running Euler3DTransform registration ***

DIAGNOSTIC,Iteration,metricValue,convergenceValue,ITERATION_TIME_INDEX,SINCE_LAST
 2DIAGNOSTIC,     1, -1.416393280029e+00, inf, 6.4809e-01, 6.4809e-01, 
 2DIAGNOSTIC,     2, -1.422136902809e+00, inf, 6.5156e-01, 3.4659e-03, 
 2DIAGNOSTIC,     3, -1.425276160240e+00, inf, 6.5517e-01, 3.6180e-03, 
 2DIAGNOSTIC,     4, -1.429034233093e+00, inf, 6.5938e-01, 4.2038e-03, 
 2DIAGNOSTIC,     5, -1.431178569794e+00, inf, 6.6297e-01, 3.5961e-03, 
 2DIAGNOSTIC,     6, -1.433747529984e+00, inf, 6.6609e-01, 3.1199e-03, 
 2DIAGNOSTIC,     7, -1.434066772461e+00, inf, 6.6977e-01, 3.6750e-03, 
 2DIAGNOSTIC,     8, -1.434210300446e+00, inf, 6.7298e-01, 3.2101e-03, 
 2DIAGNOSTIC,     9, -1.434360623360e+00, inf, 6.7599e-01, 3.0150e-03, 
 2DIAGNOSTIC,    10, -1.434451937675e+00, 7.544085965492e-04, 6.8199e-01, 5.9931e-03, 
 2DIAGNOSTIC,    11, -1.434570193291e+00, 4.664838197641e-04, 6.8513e-01, 3.1412e-03, 
 2DIAGNOSTIC,    12, -1.434536814690e+00, 2.792703453451e-04, 6.8879e-01, 3.6628e-03, 
 2DIAGNOSTIC,    13, -1.434616208076e+00, 1.445353991585e-04, 6.9245e-01, 3.6631e-03, 
 2DIAGNOSTIC,    14, -1.434705138206e+00, 7.035394810373e-05, 6.9657e-01, 4.1182e-03, 
 2DIAGNOSTIC,    15, -1.434681057930e+00, 2.698798562051e-05, 7.0041e-01, 3.8369e-03, 
 2DIAGNOSTIC,    16, -1.434685826302e+00, 1.866299680842e-05, 7.0421e-01, 3.8021e-03, 
 2DIAGNOSTIC,    17, -1.434688091278e+00, 1.353990592179e-05, 7.0743e-01, 3.2160e-03, 
 2DIAGNOSTIC,    18, -1.434690237045e+00, 9.480587323196e-06, 7.1131e-01, 3.8860e-03, 
 2DIAGNOSTIC,    19, -1.434691071510e+00, 6.678531008220e-06, 7.1512e-01, 3.8118e-03, 
 2DIAGNOSTIC,    20, -1.434691548347e+00, 4.579481355904e-06, 7.1893e-01, 3.8061e-03, 
 2DIAGNOSTIC,    21, -1.434692978859e+00, 3.565649876691e-06, 7.2267e-01, 3.7439e-03, 
 2DIAGNOSTIC,    22, -1.434692740440e+00, 2.134520627806e-06, 7.2642e-01, 3.7491e-03, 
 2DIAGNOSTIC,    23, -1.434692621231e+00, 1.423735398021e-06, 7.3019e-01, 3.7639e-03, 
 2DIAGNOSTIC,    24, -1.434693336487e+00, 1.516224642728e-06, 7.3415e-01, 3.9599e-03, 
 2DIAGNOSTIC,    25, -1.434692740440e+00, 1.386830490446e-06, 7.3849e-01, 4.3409e-03, 
 2DIAGNOSTIC,    26, -1.434693455696e+00, 1.298451707044e-06, 7.4223e-01, 3.7391e-03, 
 2DIAGNOSTIC,    27, -1.434692978859e+00, 1.222419655278e-06, 7.4642e-01, 4.1969e-03, 
 2DIAGNOSTIC,    28, -1.434692740440e+00, 1.161439172392e-06, 7.5058e-01, 4.1549e-03, 
 2DIAGNOSTIC,    29, -1.434692621231e+00, 1.107326966121e-06, 7.5507e-01, 4.4911e-03, 
 2DIAGNOSTIC,    30, -1.434692621231e+00, 1.058803377418e-06, 7.5926e-01, 4.1909e-03, 
 2DIAGNOSTIC,    31, -1.434692740440e+00, 1.023619802254e-06, 7.6312e-01, 3.8581e-03, 
DIAGNOSTIC,Iteration,metricValue,convergenceValue,ITERATION_TIME_INDEX,SINCE_LAST
 2DIAGNOSTIC,     1, -1.350697040558e+00, inf, 1.4724e+00, 7.0930e-01, 
 2DIAGNOSTIC,     2, -1.352760553360e+00, inf, 1.5206e+00, 4.8192e-02, 
 2DIAGNOSTIC,     3, -1.353322744370e+00, inf, 1.5589e+00, 3.8273e-02, 
 2DIAGNOSTIC,     4, -1.353875517845e+00, inf, 1.6069e+00, 4.8022e-02, 
 2DIAGNOSTIC,     5, -1.354516029358e+00, inf, 1.6618e+00, 5.4906e-02, 
 2DIAGNOSTIC,     6, -1.354620575905e+00, inf, 1.7093e+00, 4.7487e-02, 
 2DIAGNOSTIC,     7, -1.354632019997e+00, inf, 1.7611e+00, 5.1795e-02, 
 2DIAGNOSTIC,     8, -1.354625105858e+00, inf, 1.8108e+00, 4.9750e-02, 
 2DIAGNOSTIC,     9, -1.354637503624e+00, inf, 1.8638e+00, 5.2929e-02, 
 2DIAGNOSTIC,    10, -1.354638814926e+00, 1.473266311223e-04, 1.9141e+00, 5.0361e-02, 
 2DIAGNOSTIC,    11, -1.354638218880e+00, 7.188416930148e-05, 1.9523e+00, 3.8128e-02, 
 2DIAGNOSTIC,    12, -1.354637503624e+00, 3.893099710695e-05, 2.0073e+00, 5.5080e-02, 
 2DIAGNOSTIC,    13, -1.354641556740e+00, 1.681430876488e-05, 2.0537e+00, 4.6409e-02, 
 2DIAGNOSTIC,    14, -1.354634761810e+00, 4.480698862608e-06, 2.1031e+00, 4.9369e-02, 
 2DIAGNOSTIC,    15, -1.354637861252e+00, 2.557165998951e-06, 2.1575e+00, 5.4418e-02, 
 2DIAGNOSTIC,    16, -1.354634165764e+00, 2.153138893846e-06, 2.2062e+00, 4.8690e-02, 
 2DIAGNOSTIC,    17, -1.354634404182e+00, 1.930711505338e-06, 2.2462e+00, 3.9969e-02, 
 2DIAGNOSTIC,    18, -1.354631423950e+00, 1.607651029190e-06, 2.2867e+00, 4.0482e-02, 
 2DIAGNOSTIC,    19, -1.354633212090e+00, 1.490794488745e-06, 2.3257e+00, 3.8975e-02, 
 2DIAGNOSTIC,    20, -1.354636669159e+00, 1.452529204471e-06, 2.3654e+00, 3.9776e-02, 
 2DIAGNOSTIC,    21, -1.354642510414e+00, 1.482045945522e-06, 2.4058e+00, 4.0359e-02, 
 2DIAGNOSTIC,    22, -1.354642033577e+00, 1.498476649431e-06, 2.4519e+00, 4.6070e-02, 
 2DIAGNOSTIC,    23, -1.354644894600e+00, 1.574920474923e-06, 2.5014e+00, 4.9574e-02, 
 2DIAGNOSTIC,    24, -1.354637742043e+00, 1.503739554209e-06, 2.5514e+00, 4.9920e-02, 
 2DIAGNOSTIC,    25, -1.354639530182e+00, 1.464283172936e-06, 2.5998e+00, 4.8498e-02, 
 2DIAGNOSTIC,    26, -1.354636430740e+00, 1.353274456051e-06, 2.6482e+00, 4.8350e-02, 
 2DIAGNOSTIC,    27, -1.354637265205e+00, 1.247655973202e-06, 2.6955e+00, 4.7259e-02, 
 2DIAGNOSTIC,    28, -1.354631304741e+00, 1.076301941794e-06, 2.7436e+00, 4.8161e-02, 
DIAGNOSTIC,Iteration,metricValue,convergenceValue,ITERATION_TIME_INDEX,SINCE_LAST
 2DIAGNOSTIC,     1, -1.247887969017e+00, inf, 3.7967e+00, 1.0531e+00, 
 2DIAGNOSTIC,     2, -1.251827955246e+00, inf, 4.0034e+00, 2.0674e-01, 
 2DIAGNOSTIC,     3, -1.252564072609e+00, inf, 4.1737e+00, 1.7022e-01, 
 2DIAGNOSTIC,     4, -1.252948880196e+00, inf, 4.3727e+00, 1.9907e-01, 
 2DIAGNOSTIC,     5, -1.253726959229e+00, inf, 4.5772e+00, 2.0448e-01, 
 2DIAGNOSTIC,     6, -1.253858566284e+00, inf, 4.7868e+00, 2.0958e-01, 
 2DIAGNOSTIC,     7, -1.253891468048e+00, inf, 4.9784e+00, 1.9162e-01, 
 2DIAGNOSTIC,     8, -1.253935217857e+00, inf, 5.1967e+00, 2.1831e-01, 
 2DIAGNOSTIC,     9, -1.254012942314e+00, inf, 5.4480e+00, 2.5129e-01, 
 2DIAGNOSTIC,    10, -1.254015803337e+00, 2.178050490329e-04, 5.6521e+00, 2.0412e-01, 
 2DIAGNOSTIC,    11, -1.254014134407e+00, 9.165018127533e-05, 5.8517e+00, 1.9956e-01, 
 2DIAGNOSTIC,    12, -1.254012703896e+00, 5.295372830005e-05, 6.0423e+00, 1.9060e-01, 
 2DIAGNOSTIC,    13, -1.254011273384e+00, 2.848041549441e-05, 6.2427e+00, 2.0044e-01, 
 2DIAGNOSTIC,    14, -1.254010081291e+00, 1.100430472434e-05, 6.4383e+00, 1.9560e-01, 
 2DIAGNOSTIC,    15, -1.254008531570e+00, 6.757342362107e-06, 6.6582e+00, 2.1983e-01, 
 2DIAGNOSTIC,    16, -1.254008054733e+00, 4.487511432671e-06, 6.8497e+00, 1.9149e-01, 
 2DIAGNOSTIC,    17, -1.254007101059e+00, 2.677570591914e-06, 7.0459e+00, 1.9628e-01, 
 2DIAGNOSTIC,    18, -1.254006624222e+00, 1.511959453637e-06, 7.2434e+00, 1.9751e-01, 
 2DIAGNOSTIC,    19, -1.254006385803e+00, 1.416383270225e-06, 7.4654e+00, 2.2198e-01, 
 2DIAGNOSTIC,    20, -1.254006147385e+00, 1.384420102113e-06, 7.7232e+00, 2.5774e-01, 
 2DIAGNOSTIC,    21, -1.254006266594e+00, 1.358228132631e-06, 7.9206e+00, 1.9741e-01, 
 2DIAGNOSTIC,    22, -1.254004955292e+00, 1.320949309047e-06, 8.1224e+00, 2.0184e-01, 
 2DIAGNOSTIC,    23, -1.254004240036e+00, 1.278052764064e-06, 8.3242e+00, 2.0178e-01, 
 2DIAGNOSTIC,    24, -1.254004716873e+00, 1.242211851604e-06, 8.5244e+00, 2.0024e-01, 
 2DIAGNOSTIC,    25, -1.254005432129e+00, 1.209124889101e-06, 8.7478e+00, 2.2334e-01, 
 2DIAGNOSTIC,    26, -1.254005312920e+00, 1.179338596557e-06, 8.9438e+00, 1.9597e-01, 
 2DIAGNOSTIC,    27, -1.254005193710e+00, 1.147375087385e-06, 9.1449e+00, 2.0117e-01, 
 2DIAGNOSTIC,    28, -1.254004478455e+00, 1.111264054998e-06, 9.3475e+00, 2.0254e-01, 
 2DIAGNOSTIC,    29, -1.254005074501e+00, 1.082785161088e-06, 9.5472e+00, 1.9973e-01, 
 2DIAGNOSTIC,    30, -1.254004240036e+00, 1.048920921676e-06, 9.7497e+00, 2.0247e-01, 
 2DIAGNOSTIC,    31, -1.254004597664e+00, 1.022248397931e-06, 9.9789e+00, 2.2925e-01, 
DIAGNOSTIC,Iteration,metricValue,convergenceValue,ITERATION_TIME_INDEX,SINCE_LAST
 2DIAGNOSTIC,     1, -1.114400386810e+00, inf, 1.2903e+01, 2.9246e+00, 
 2DIAGNOSTIC,     2, -1.115532040596e+00, inf, 1.4042e+01, 1.1386e+00, 
 2DIAGNOSTIC,     3, -1.115808248520e+00, inf, 1.5184e+01, 1.1418e+00, 
 2DIAGNOSTIC,     4, -1.115893363953e+00, inf, 1.6217e+01, 1.0328e+00, 
 2DIAGNOSTIC,     5, -1.115931630135e+00, inf, 1.7370e+01, 1.1535e+00, 
 2DIAGNOSTIC,     6, -1.115941286087e+00, inf, 1.8811e+01, 1.4412e+00, 
 2DIAGNOSTIC,     7, -1.115945219994e+00, inf, 1.9944e+01, 1.1330e+00, 
 2DIAGNOSTIC,     8, -1.115947365761e+00, inf, 2.1112e+01, 1.1682e+00, 
 2DIAGNOSTIC,     9, -1.115948557854e+00, inf, 2.2286e+01, 1.1731e+00, 
 2DIAGNOSTIC,    10, -1.115951061249e+00, 5.509575203178e-05, 2.3432e+01, 1.1468e+00, 
 2DIAGNOSTIC,    11, -1.115952372551e+00, 1.659741064941e-05, 2.4480e+01, 1.0474e+00, 
 2DIAGNOSTIC,    12, -1.115954995155e+00, 7.229581569845e-06, 2.5658e+01, 1.1782e+00, 
 2DIAGNOSTIC,    13, -1.115959405899e+00, 4.351020834292e-06, 2.6705e+01, 1.0467e+00, 
 2DIAGNOSTIC,    14, -1.115965843201e+00, 3.357838977536e-06, 2.7722e+01, 1.0175e+00, 
 2DIAGNOSTIC,    15, -1.115976810455e+00, 3.228352625229e-06, 2.8759e+01, 1.0364e+00, 
 2DIAGNOSTIC,    16, -1.115986943245e+00, 3.324174031150e-06, 2.9801e+01, 1.0419e+00, 
 2DIAGNOSTIC,    17, -1.116002678871e+00, 3.578570158425e-06, 3.0954e+01, 1.1539e+00, 
 2DIAGNOSTIC,    18, -1.116002559662e+00, 3.672266529975e-06, 3.2124e+01, 1.1699e+00, 
 2DIAGNOSTIC,    19, -1.116023182869e+00, 3.874407866533e-06, 3.4097e+01, 1.9728e+00, 
 2DIAGNOSTIC,    20, -1.116024613380e+00, 3.895428108081e-06, 3.5254e+01, 1.1570e+00, 
 2DIAGNOSTIC,    21, -1.116023898125e+00, 3.707184532686e-06, 3.6430e+01, 1.1759e+00, 
 2DIAGNOSTIC,    22, -1.116024255753e+00, 3.368199486431e-06, 3.7587e+01, 1.1573e+00, 
 2DIAGNOSTIC,    23, -1.116023182869e+00, 2.915629465861e-06, 3.8886e+01, 1.2992e+00, 
 2DIAGNOSTIC,    24, -1.116023302078e+00, 2.423897967674e-06, 4.0065e+01, 1.1790e+00, 
 2DIAGNOSTIC,    25, -1.116023540497e+00, 1.980372644539e-06, 4.1226e+01, 1.1603e+00, 
 2DIAGNOSTIC,    26, -1.116022348404e+00, 1.590666784068e-06, 4.2402e+01, 1.1766e+00, 
 2DIAGNOSTIC,    27, -1.116022348404e+00, 1.346662429569e-06, 4.3713e+01, 1.3102e+00, 
 2DIAGNOSTIC,    28, -1.116021990776e+00, 1.094592562367e-06, 4.4885e+01, 1.1719e+00, 
 2DIAGNOSTIC,    29, -1.116021990776e+00, 1.044502596415e-06, 4.6052e+01, 1.1675e+00, 
 2DIAGNOSTIC,    30, -1.116021513939e+00, 1.010839014270e-06, 4.7351e+01, 1.2994e+00, 
  Elapsed time (stage 0): 4.8129e+01


Total elapsed time: 4.8131e+01
Registering MT-off to MP2RAGE
All_Command_lines_OK
Using single precision for computations.
  Reading mask(s).
    Registration stage 0
      Fixed mask = /home/tom29/rds/hpc-work/cbbu_BIDS/sub-08/anat/sub-08_mask_centred.nii.gz
 file NULL does not exist . 
      No moving mask
  number of levels = 4
  fixed image: /home/tom29/rds/hpc-work/cbbu_BIDS/sub-08/anat/sub-08_acq-whole_UNI_MP2RAGE_brain_N4_centred.nii.gz
  moving image: /home/tom29/rds/hpc-work/cbbu_BIDS/sub-08/anat/sub-08_acq-LC_mt-off_MTS_N4_centred.nii.gz
Dimension = 3
Number of stages = 1
Use histogram matching = false
Winsorize image intensities = true
  Lower quantile = 0.005
  Upper quantile = 0.995


Stage 1 State
   Image metric = MattesMI
     Fixed image = Image (0x39d19e0)
  RTTI typeinfo:   itk::Image<float, 3u>
  Reference Count: 2
  Modified Time: 1519
  Debug: Off
  Object Name: 
  Observers: 
    none
  Source: (none)
  Source output name: (none)
  Release Data: Off
  Data Released: False
  Global Release Data: Off
  PipelineMTime: 0
  UpdateMTime: 1128
  RealTimeStamp: 0 seconds 
  LargestPossibleRegion: 
    Dimension: 3
    Index: [0, 0, 0]
    Size: [224, 300, 320]
  BufferedRegion: 
    Dimension: 3
    Index: [0, 0, 0]
    Size: [224, 300, 320]
  RequestedRegion: 
    Dimension: 3
    Index: [0, 0, 0]
    Size: [224, 300, 320]
  Spacing: [0.75, 0.75, 0.75]
  Origin: [78.2791, 154.211, -71.623]
  Direction: 
-0.999505 0.0213804 0.02307
-0.0277477 -0.944755 -0.326602
0.0148126 -0.32708 0.94488

  IndexToPointMatrix: 
-0.749629 0.0160353 0.0173025
-0.0208108 -0.708566 -0.244951
0.0111095 -0.24531 0.70866

  PointToIndexMatrix: 
-1.33267 -0.0369969 0.0197502
0.0285072 -1.25967 -0.436107
0.03076 -0.435469 1.25984

  Inverse Direction: 
-0.999505 -0.0277477 0.0148126
0.0213804 -0.944755 -0.32708
0.02307 -0.326602 0.94488

  PixelContainer: 
    ImportImageContainer (0x39c0b40)
      RTTI typeinfo:   itk::ImportImageContainer<unsigned long, float>
      Reference Count: 1
      Modified Time: 1125
      Debug: Off
      Object Name: 
      Observers: 
        none
      Pointer: 0x14eac49a5010
      Container manages memory: true
      Size: 21504000
      Capacity: 21504000

     Moving image = Image (0x39dca40)
  RTTI typeinfo:   itk::Image<float, 3u>
  Reference Count: 2
  Modified Time: 1520
  Debug: Off
  Object Name: 
  Observers: 
    none
  Source: (none)
  Source output name: (none)
  Release Data: Off
  Data Released: False
  Global Release Data: Off
  PipelineMTime: 0
  UpdateMTime: 1517
  RealTimeStamp: 0 seconds 
  LargestPossibleRegion: 
    Dimension: 3
    Index: [0, 0, 0]
    Size: [448, 448, 112]
  BufferedRegion: 
    Dimension: 3
    Index: [0, 0, 0]
    Size: [448, 448, 112]
  RequestedRegion: 
    Dimension: 3
    Index: [0, 0, 0]
    Size: [448, 448, 112]
  Spacing: [0.428571, 0.428571, 0.5]
  Origin: [91.9205, 128.99, -25.0396]
  Direction: 
-0.999639 0.0154615 0.0219517
-0.0209602 -0.960327 -0.278087
0.0167812 -0.278447 0.960305

  IndexToPointMatrix: 
-0.428417 0.00662638 0.0109759
-0.00898294 -0.411569 -0.139044
0.00719194 -0.119334 0.480152

  PointToIndexMatrix: 
-2.33249 -0.0489071 0.0391561
0.0360769 -2.24076 -0.64971
0.0439035 -0.556175 1.92061

  Inverse Direction: 
-0.999639 -0.0209602 0.0167812
0.0154615 -0.960327 -0.278447
0.0219517 -0.278087 0.960305

  PixelContainer: 
    ImportImageContainer (0x39d4cc0)
      RTTI typeinfo:   itk::ImportImageContainer<unsigned long, float>
      Reference Count: 1
      Modified Time: 1514
      Debug: Off
      Object Name: 
      Observers: 
        none
      Pointer: 0x14eabf3e4010
      Container manages memory: true
      Size: 22478848
      Capacity: 22478848

     Weighting = 1
     Sampling strategy = regular
     Number of bins = 32
     Radius = 4
     Sampling percentage  = 0.25
   Transform = Rigid
     Gradient step = 0.1
     Update field sigma (voxel space) = 0
     Total field sigma (voxel space) = 0
     Update field time sigma = 0
     Total field time sigma  = 0
     Number of time indices = 0
     Number of time point samples = 0
Registration using 1 total stages.

Stage 0
  iterations = 1000x500x250x100
  convergence threshold = 1e-06
  convergence window size = 10
  number of levels = 4
  using the Mattes MI metric (number of bins = 32, weight = 1, use gradient filter = 0)
  preprocessing:  winsorizing the image intensities
  Shrink factors (level 1 out of 4): [8, 8, 8]
  Shrink factors (level 2 out of 4): [4, 4, 4]
  Shrink factors (level 3 out of 4): [2, 2, 2]
  Shrink factors (level 4 out of 4): [1, 1, 1]
  smoothing sigmas per level: [3, 2, 1, 0]
  regular sampling (percentage = 0.25)

*** Running Euler3DTransform registration ***

DIAGNOSTIC,Iteration,metricValue,convergenceValue,ITERATION_TIME_INDEX,SINCE_LAST
 2DIAGNOSTIC,     1, -2.219039946795e-01, inf, 5.7723e-01, 5.7723e-01, 
 2DIAGNOSTIC,     2, -2.236832678318e-01, inf, 5.7785e-01, 6.1703e-04, 
 2DIAGNOSTIC,     3, -2.242171317339e-01, inf, 5.7843e-01, 5.8603e-04, 
 2DIAGNOSTIC,     4, -2.248891294003e-01, inf, 5.7901e-01, 5.7697e-04, 
 2DIAGNOSTIC,     5, -2.256433516741e-01, inf, 5.7961e-01, 5.9390e-04, 
 2DIAGNOSTIC,     6, -2.268871366978e-01, inf, 5.8030e-01, 6.9714e-04, 
 2DIAGNOSTIC,     7, -2.282484173775e-01, inf, 5.8124e-01, 9.3603e-04, 
 2DIAGNOSTIC,     8, -2.303240448236e-01, inf, 5.8219e-01, 9.5487e-04, 
 2DIAGNOSTIC,     9, -2.292365431786e-01, inf, 5.8276e-01, 5.6696e-04, 
 2DIAGNOSTIC,    10, -2.293406128883e-01, 2.306343754753e-03, 5.8357e-01, 8.0490e-04, 
 2DIAGNOSTIC,    11, -2.293655425310e-01, 1.783152925782e-03, 5.8433e-01, 7.6604e-04, 
 2DIAGNOSTIC,    12, -2.294313311577e-01, 1.376205473207e-03, 5.8509e-01, 7.6008e-04, 
 2DIAGNOSTIC,    13, -2.296319454908e-01, 9.767379378900e-04, 5.8590e-01, 8.1110e-04, 
 2DIAGNOSTIC,    14, -2.317227721214e-01, 7.945943507366e-04, 5.8695e-01, 1.0500e-03, 
 2DIAGNOSTIC,    15, -2.318992763758e-01, 6.390325725079e-04, 5.8772e-01, 7.6485e-04, 
 2DIAGNOSTIC,    16, -2.322040498257e-01, 5.647640791722e-04, 5.8849e-01, 7.7200e-04, 
 2DIAGNOSTIC,    17, -2.325370460749e-01, 5.683351191692e-04, 5.8925e-01, 7.5793e-04, 
 2DIAGNOSTIC,    18, -2.335646599531e-01, 7.347100181505e-04, 5.9009e-01, 8.4400e-04, 
 2DIAGNOSTIC,    19, -2.340869009495e-01, 7.744953036308e-04, 5.9123e-01, 1.1361e-03, 
 2DIAGNOSTIC,    20, -2.342204749584e-01, 7.528443238698e-04, 5.9201e-01, 7.7796e-04, 
 2DIAGNOSTIC,    21, -2.345817983150e-01, 6.888872012496e-04, 5.9279e-01, 7.8321e-04, 
 2DIAGNOSTIC,    22, -2.348506897688e-01, 5.862005637027e-04, 5.9364e-01, 8.5115e-04, 
 2DIAGNOSTIC,    23, -2.350020110607e-01, 4.528773424681e-04, 5.9440e-01, 7.6079e-04, 
 2DIAGNOSTIC,    24, -2.370415627956e-01, 5.007748259231e-04, 5.9535e-01, 9.4700e-04, 
 2DIAGNOSTIC,    25, -2.370933443308e-01, 5.068942555226e-04, 5.9621e-01, 8.5807e-04, 
 2DIAGNOSTIC,    26, -2.371475845575e-01, 4.834235878661e-04, 5.9713e-01, 9.2697e-04, 
 2DIAGNOSTIC,    27, -2.371699512005e-01, 4.327841161285e-04, 5.9802e-01, 8.8620e-04, 
 2DIAGNOSTIC,    28, -2.371716052294e-01, 3.895945555996e-04, 5.9881e-01, 7.8797e-04, 
 2DIAGNOSTIC,    29, -2.371737062931e-01, 3.337805683259e-04, 5.9958e-01, 7.7200e-04, 
 2DIAGNOSTIC,    30, -2.371774166822e-01, 2.554303791840e-04, 6.0038e-01, 8.0204e-04, 
 2DIAGNOSTIC,    31, -2.371816486120e-01, 1.736900303513e-04, 6.0124e-01, 8.6284e-04, 
 2DIAGNOSTIC,    32, -2.371832281351e-01, 9.196814062307e-05, 6.0221e-01, 9.6297e-04, 
 2DIAGNOSTIC,    33, -2.371855974197e-01, 1.027332291414e-05, 6.0301e-01, 8.0395e-04, 
 2DIAGNOSTIC,    34, -2.371871620417e-01, 6.053835932107e-06, 6.0378e-01, 7.6413e-04, 
 2DIAGNOSTIC,    35, -2.371891289949e-01, 3.427787078181e-06, 6.0473e-01, 9.5606e-04, 
 2DIAGNOSTIC,    36, -2.371896058321e-01, 2.547781377871e-06, 6.0558e-01, 8.5306e-04, 
 2DIAGNOSTIC,    37, -2.371904551983e-01, 2.326953108422e-06, 6.0659e-01, 1.0099e-03, 
 2DIAGNOSTIC,    38, -2.371904999018e-01, 2.034973931586e-06, 6.0745e-01, 8.5616e-04, 
 2DIAGNOSTIC,    39, -2.371909171343e-01, 1.722717684061e-06, 6.0830e-01, 8.5282e-04, 
 2DIAGNOSTIC,    40, -2.371907383204e-01, 1.445918314857e-06, 6.0915e-01, 8.4877e-04, 
 2DIAGNOSTIC,    41, -2.371909618378e-01, 1.254697963304e-06, 6.1000e-01, 8.5092e-04, 
 2DIAGNOSTIC,    42, -2.371908873320e-01, 1.070998564501e-06, 6.1089e-01, 8.8406e-04, 
DIAGNOSTIC,Iteration,metricValue,convergenceValue,ITERATION_TIME_INDEX,SINCE_LAST
 2DIAGNOSTIC,     1, -6.721043586731e-02, inf, 1.2157e+00, 6.0480e-01, 
 2DIAGNOSTIC,     2, -6.783021986485e-02, inf, 1.2190e+00, 3.3290e-03, 
 2DIAGNOSTIC,     3, -6.809336692095e-02, inf, 1.2223e+00, 3.2871e-03, 
 2DIAGNOSTIC,     4, -6.809151172638e-02, inf, 1.2251e+00, 2.8498e-03, 
 2DIAGNOSTIC,     5, -6.792495399714e-02, inf, 1.2284e+00, 3.2270e-03, 
 2DIAGNOSTIC,     6, -6.787118315697e-02, inf, 1.2308e+00, 2.4111e-03, 
 2DIAGNOSTIC,     7, -6.781643629074e-02, inf, 1.2332e+00, 2.4009e-03, 
 2DIAGNOSTIC,     8, -6.794189661741e-02, inf, 1.2356e+00, 2.4440e-03, 
 2DIAGNOSTIC,     9, -6.800677627325e-02, inf, 1.2385e+00, 2.8510e-03, 
 2DIAGNOSTIC,    10, -6.806980818510e-02, 3.255322808400e-04, 1.2416e+00, 3.0751e-03, 
 2DIAGNOSTIC,    11, -6.836056709290e-02, 1.737124111969e-04, 1.2442e+00, 2.6181e-03, 
 2DIAGNOSTIC,    12, -6.843442469835e-02, 2.681073092390e-04, 1.2471e+00, 2.9650e-03, 
 2DIAGNOSTIC,    13, -6.880365312099e-02, 5.261751939543e-04, 1.2506e+00, 3.4480e-03, 
 2DIAGNOSTIC,    14, -6.905969977379e-02, 7.739924476482e-04, 1.2536e+00, 3.0189e-03, 
 2DIAGNOSTIC,    15, -6.934678554535e-02, 9.508611983620e-04, 1.2567e+00, 3.0570e-03, 
 2DIAGNOSTIC,    16, -6.938134878874e-02, 1.013232860714e-03, 1.2593e+00, 2.5890e-03, 
 2DIAGNOSTIC,    17, -6.938259303570e-02, 9.623329387978e-04, 1.2618e+00, 2.5840e-03, 
 2DIAGNOSTIC,    18, -6.958659738302e-02, 9.047187049873e-04, 1.2645e+00, 2.6951e-03, 
 2DIAGNOSTIC,    19, -7.029242068529e-02, 9.355524089187e-04, 1.2677e+00, 3.1171e-03, 
 2DIAGNOSTIC,    20, -7.269600033760e-02, 1.379964989610e-03, 1.2710e+00, 3.3560e-03, 
 2DIAGNOSTIC,    21, -7.562869042158e-02, 2.269995398819e-03, 1.2750e+00, 3.9542e-03, 
 2DIAGNOSTIC,    22, -7.573178410530e-02, 2.884878776968e-03, 1.2779e+00, 2.9402e-03, 
 2DIAGNOSTIC,    23, -7.558874785900e-02, 3.224368439987e-03, 1.2809e+00, 3.0432e-03, 
 2DIAGNOSTIC,    24, -7.563354074955e-02, 3.287120489404e-03, 1.2840e+00, 3.0990e-03, 
 2DIAGNOSTIC,    25, -7.570318132639e-02, 3.086038166657e-03, 1.2867e+00, 2.6722e-03, 
 2DIAGNOSTIC,    26, -7.574845105410e-02, 2.617146121338e-03, 1.2896e+00, 2.9032e-03, 
 2DIAGNOSTIC,    27, -7.568976283073e-02, 1.935824635439e-03, 1.2926e+00, 2.9759e-03, 
 2DIAGNOSTIC,    28, -7.608610391617e-02, 1.219424069859e-03, 1.2964e+00, 3.8371e-03, 
 2DIAGNOSTIC,    29, -7.605397701263e-02, 5.283902282827e-04, 1.2991e+00, 2.6391e-03, 
 2DIAGNOSTIC,    30, -7.602237910032e-02, 1.421840715921e-04, 1.3020e+00, 2.9750e-03, 
 2DIAGNOSTIC,    31, -7.607873529196e-02, 1.542574464111e-04, 1.3050e+00, 2.9471e-03, 
 2DIAGNOSTIC,    32, -7.609988749027e-02, 1.668233308010e-04, 1.3092e+00, 4.2090e-03, 
 2DIAGNOSTIC,    33, -7.609987258911e-02, 1.448813418392e-04, 1.3122e+00, 2.9979e-03, 
 2DIAGNOSTIC,    34, -7.618090510368e-02, 1.251101639355e-04, 1.3148e+00, 2.5592e-03, 
 2DIAGNOSTIC,    35, -7.619076222181e-02, 1.040879360517e-04, 1.3178e+00, 3.0041e-03, 
 2DIAGNOSTIC,    36, -7.616946846247e-02, 7.777367136441e-05, 1.3208e+00, 3.0329e-03, 
 2DIAGNOSTIC,    37, -7.617173343897e-02, 3.849460335914e-05, 1.3234e+00, 2.6011e-03, 
 2DIAGNOSTIC,    38, -7.610661536455e-02, 3.226096305298e-05, 1.3260e+00, 2.6450e-03, 
 2DIAGNOSTIC,    39, -7.613501697779e-02, 2.321045758436e-05, 1.3291e+00, 3.0689e-03, 
DIAGNOSTIC,Iteration,metricValue,convergenceValue,ITERATION_TIME_INDEX,SINCE_LAST
 2DIAGNOSTIC,     1, -3.851934894919e-02, inf, 2.0926e+00, 7.6353e-01, 
 2DIAGNOSTIC,     2, -3.882206603885e-02, inf, 2.1134e+00, 2.0747e-02, 
 2DIAGNOSTIC,     3, -3.940372169018e-02, inf, 2.1340e+00, 2.0564e-02, 
 2DIAGNOSTIC,     4, -3.986484929919e-02, inf, 2.1543e+00, 2.0389e-02, 
 2DIAGNOSTIC,     5, -4.015305265784e-02, inf, 2.1742e+00, 1.9904e-02, 
 2DIAGNOSTIC,     6, -4.101802408695e-02, inf, 2.2039e+00, 2.9647e-02, 
 2DIAGNOSTIC,     7, -4.166974499822e-02, inf, 2.2270e+00, 2.3144e-02, 
 2DIAGNOSTIC,     8, -4.192045331001e-02, inf, 2.2460e+00, 1.8960e-02, 
 2DIAGNOSTIC,     9, -4.210835695267e-02, inf, 2.2747e+00, 2.8722e-02, 
 2DIAGNOSTIC,    10, -4.213983938098e-02, 6.480270065367e-03, 2.2936e+00, 1.8879e-02, 
 2DIAGNOSTIC,    11, -4.219976067543e-02, 5.255279131234e-03, 2.3131e+00, 1.9469e-02, 
 2DIAGNOSTIC,    12, -4.227890819311e-02, 3.981072455645e-03, 2.3355e+00, 2.2442e-02, 
 2DIAGNOSTIC,    13, -4.234429448843e-02, 2.893913071603e-03, 2.3547e+00, 1.9146e-02, 
 2DIAGNOSTIC,    14, -4.249209910631e-02, 2.009786898270e-03, 2.3775e+00, 2.2795e-02, 
 2DIAGNOSTIC,    15, -4.312143474817e-02, 1.477764686570e-03, 2.4001e+00, 2.2655e-02, 
 2DIAGNOSTIC,    16, -4.382421076298e-02, 1.539929420687e-03, 2.4229e+00, 2.2825e-02, 
 2DIAGNOSTIC,    17, -4.416766017675e-02, 1.846597529948e-03, 2.4424e+00, 1.9434e-02, 
 2DIAGNOSTIC,    18, -4.440722614527e-02, 2.133498433977e-03, 2.4652e+00, 2.2868e-02, 
 2DIAGNOSTIC,    19, -4.462688416243e-02, 2.338257851079e-03, 2.4906e+00, 2.5367e-02, 
 2DIAGNOSTIC,    20, -4.471559450030e-02, 2.341458806768e-03, 2.5136e+00, 2.3014e-02, 
 2DIAGNOSTIC,    21, -4.474209994078e-02, 2.151350025088e-03, 2.5329e+00, 1.9323e-02, 
 2DIAGNOSTIC,    22, -4.477119073272e-02, 1.813885639422e-03, 2.5517e+00, 1.8779e-02, 
 2DIAGNOSTIC,    23, -4.479721933603e-02, 1.367747201584e-03, 2.5737e+00, 2.2032e-02, 
 2DIAGNOSTIC,    24, -4.481600224972e-02, 8.770464919508e-04, 2.5993e+00, 2.5593e-02, 
 2DIAGNOSTIC,    25, -4.481189325452e-02, 5.088850157335e-04, 2.6217e+00, 2.2318e-02, 
 2DIAGNOSTIC,    26, -4.482946917415e-02, 3.066317003686e-04, 2.6445e+00, 2.2800e-02, 
 2DIAGNOSTIC,    27, -4.481516033411e-02, 1.715863472782e-04, 2.6640e+00, 1.9538e-02, 
 2DIAGNOSTIC,    28, -4.482729360461e-02, 8.915156649891e-05, 2.6921e+00, 2.8143e-02, 
 2DIAGNOSTIC,    29, -4.483286663890e-02, 5.532113573281e-05, 2.7141e+00, 2.1994e-02, 
 2DIAGNOSTIC,    30, -4.483315721154e-02, 3.830643981928e-05, 2.7360e+00, 2.1856e-02, 
 2DIAGNOSTIC,    31, -4.482345283031e-02, 2.246412987006e-05, 2.7553e+00, 1.9333e-02, 
 2DIAGNOSTIC,    32, -4.482406005263e-02, 1.173783948616e-05, 2.7773e+00, 2.2006e-02, 
 2DIAGNOSTIC,    33, -4.482548311353e-02, 6.038574156264e-06, 2.7959e+00, 1.8608e-02, 
 2DIAGNOSTIC,    34, -4.482500255108e-02, 3.709726343004e-06, 2.8178e+00, 2.1868e-02, 
DIAGNOSTIC,Iteration,metricValue,convergenceValue,ITERATION_TIME_INDEX,SINCE_LAST
 2DIAGNOSTIC,     1, -3.583322092891e-02, inf, 4.2937e+00, 1.4759e+00, 
 2DIAGNOSTIC,     2, -3.652681037784e-02, inf, 4.4146e+00, 1.2098e-01, 
 2DIAGNOSTIC,     3, -3.718118369579e-02, inf, 4.5292e+00, 1.1460e-01, 
 2DIAGNOSTIC,     4, -3.731958195567e-02, inf, 4.6479e+00, 1.1867e-01, 
 2DIAGNOSTIC,     5, -3.737256675959e-02, inf, 4.7816e+00, 1.3368e-01, 
 2DIAGNOSTIC,     6, -3.741826862097e-02, inf, 4.9578e+00, 1.7617e-01, 
 2DIAGNOSTIC,     7, -3.746324405074e-02, inf, 5.0939e+00, 1.3614e-01, 
 2DIAGNOSTIC,     8, -3.747444227338e-02, inf, 5.2235e+00, 1.2963e-01, 
 2DIAGNOSTIC,     9, -3.750604763627e-02, inf, 5.3570e+00, 1.3346e-01, 
 2DIAGNOSTIC,    10, -3.753148019314e-02, 2.170712919906e-03, 5.4938e+00, 1.3681e-01, 
 2DIAGNOSTIC,    11, -3.755904734135e-02, 1.061553717591e-03, 5.6134e+00, 1.1954e-01, 
 2DIAGNOSTIC,    12, -3.764476999640e-02, 5.288032698445e-04, 5.7307e+00, 1.1738e-01, 
 2DIAGNOSTIC,    13, -3.764699772000e-02, 4.137671203353e-04, 5.8666e+00, 1.3588e-01, 
 2DIAGNOSTIC,    14, -3.765019774437e-02, 3.553430142347e-04, 5.9875e+00, 1.2084e-01, 
 2DIAGNOSTIC,    15, -3.765803202987e-02, 3.034899418708e-04, 6.1444e+00, 1.5690e-01, 
 2DIAGNOSTIC,    16, -3.766049444675e-02, 2.526706957724e-04, 6.2801e+00, 1.3579e-01, 
 2DIAGNOSTIC,    17, -3.765973076224e-02, 2.041478583124e-04, 6.4147e+00, 1.3457e-01, 
 2DIAGNOSTIC,    18, -3.766659647226e-02, 1.498651836300e-04, 6.7216e+00, 3.0690e-01, 
 2DIAGNOSTIC,    19, -3.766744956374e-02, 1.009040206554e-04, 6.8345e+00, 1.1292e-01, 
 2DIAGNOSTIC,    20, -3.766733035445e-02, 5.733888974646e-05, 6.9704e+00, 1.3584e-01, 
 2DIAGNOSTIC,    21, -3.766570240259e-02, 2.130214306817e-05, 7.1047e+00, 1.3437e-01, 
 2DIAGNOSTIC,    22, -3.766602650285e-02, 1.646329110372e-05, 7.2766e+00, 1.7190e-01, 
 2DIAGNOSTIC,    23, -3.766615688801e-02, 1.138788229582e-05, 7.4131e+00, 1.3643e-01, 
 2DIAGNOSTIC,    24, -3.766513615847e-02, 6.403702172975e-06, 7.5430e+00, 1.2998e-01, 
 2DIAGNOSTIC,    25, -3.766422718763e-02, 3.468495151537e-06, 7.6969e+00, 1.5382e-01, 
 2DIAGNOSTIC,    26, -3.766426071525e-02, 1.329671363237e-06, 7.8345e+00, 1.3760e-01, 
  Elapsed time (stage 0): 8.1309e+00


Total elapsed time: 8.1324e+00
Transforming MT-off to MNI
Transforming MT-on to MNI
